ID_especie,Especie,Nivel_trófico,Interacción_con,Tipo_de_interacción,Fuerza_de_interacción,Frecuencia_de_interacción,Impacto_ambiental
1,Anaconda,Productor,Hormiga cortadora,Herbivoría,3,9,8
2,Jaguar,Consumidor secundario,Boa constrictor,Herbivoría,9,2,2
3,Termitas,Consumidor primario,Jaguar,Descomposición,5,31,7
4,Mono araña,Consumidor secundario,Mono araña,Competencia,2,44,9
5,Hormiga cortadora,Consumidor primario,Jaguar,Herbivoría,3,34,6
6,Jaguar,Consumidor terciario,Águila harpía,Herbivoría,3,43,9
7,Venado,Descomponedor,Jaguar,Mutualismo,8,23,9
8,Hormiga cortadora,Productor,Mono araña,Herbivoría,7,32,8
9,Rana venenosa,Descomponedor,Tucán,Mutualismo,8,15,7
10,Termitas,Consumidor secundario,Termitas,Herbivoría,9,6,10
11,Jaguar,Descomponedor,Venado,Depredación,5,46,1
12,Anaconda,Productor,Venado,Mutualismo,6,20,3
13,Termitas,Consumidor primario,Mono araña,Depredación,8,16,3
14,Boa constrictor,Consumidor terciario,Anaconda,Depredación,10,1,2
15,Termitas,Consumidor terciario,Rana venenosa,Descomposición,1,13,6
16,Venado,Consumidor secundario,Jaguar,Descomposición,3,35,4
17,Mono araña,Consumidor secundario,Boa constrictor,Competencia,1,25,8
18,Boa constrictor,Consumidor secundario,Mono araña,Competencia,5,44,5
19,Águila harpía,Descomponedor,Hormiga cortadora,Herbivoría,2,32,5
20,Tucán,Descomponedor,Hormiga cortadora,Competencia,4,32,7
21,Águila harpía,Descomponedor,Venado,Herbivoría,9,20,1
22,Jaguar,Consumidor secundario,Rana venenosa,Competencia,10,2,5
23,Jaguar,Descomponedor,Tucán,Competencia,5,42,4
24,Águila harpía,Consumidor terciario,Boa constrictor,Herbivoría,10,12,10
25,Rana venenosa,Descomponedor,Mono araña,Herbivoría,6,43,3
26,Venado,Descomponedor,Jaguar,Competencia,10,38,2
27,Mono araña,Consumidor terciario,Águila harpía,Herbivoría,10,26,10
28,Boa constrictor,Productor,Mono araña,Herbivoría,10,30,2
29,Boa constrictor,Consumidor secundario,Hormiga cortadora,Depredación,4,11,8
30,Tucán,Descomponedor,Jaguar,Mutualismo,6,50,3
31,Mono araña,Consumidor primario,Tucán,Competencia,1,37,8
32,Jaguar,Consumidor secundario,Anaconda,Competencia,5,20,10
33,Termitas,Productor,Termitas,Descomposición,4,33,1
34,Termitas,Productor,Tucán,Mutualismo,9,1,8
35,Termitas,Consumidor secundario,Águila harpía,Competencia,2,31,3
36,Mono araña,Consumidor primario,Rana venenosa,Depredación,2,43,9
37,Águila harpía,Consumidor terciario,Águila harpía,Herbivoría,10,46,7
38,Tucán,Descomponedor,Termitas,Descomposición,3,42,2
39,Anaconda,Consumidor secundario,Venado,Herbivoría,6,28,9
40,Jaguar,Consumidor primario,Hormiga cortadora,Descomposición,2,50,2
41,Boa constrictor,Consumidor secundario,Venado,Competencia,7,12,6
42,Jaguar,Consumidor terciario,Jaguar,Competencia,8,34,2
43,Mono araña,Consumidor secundario,Boa constrictor,Competencia,9,4,1
44,Venado,Consumidor terciario,Jaguar,Descomposición,4,25,5
45,Jaguar,Descomponedor,Tucán,Mutualismo,6,17,1
46,Anaconda,Consumidor secundario,Tucán,Herbivoría,6,40,1
47,Mono araña,Descomponedor,Águila harpía,Herbivoría,3,1,6
48,Termitas,Consumidor secundario,Jaguar,Mutualismo,5,22,8
49,Águila harpía,Consumidor secundario,Termitas,Mutualismo,2,7,3
50,Hormiga cortadora,Consumidor terciario,Anaconda,Depredación,7,24,1
51,Anaconda,Consumidor secundario,Tucán,Descomposición,3,41,8
52,Rana venenosa,Descomponedor,Águila harpía,Mutualismo,1,3,7
53,Anaconda,Consumidor terciario,Hormiga cortadora,Descomposición,5,21,8
54,Rana venenosa,Consumidor terciario,Venado,Depredación,4,29,3
55,Anaconda,Consumidor terciario,Hormiga cortadora,Herbivoría,3,36,10
56,Termitas,Consumidor secundario,Águila harpía,Depredación,7,6,6
57,Boa constrictor,Consumidor primario,Rana venenosa,Herbivoría,8,12,10
58,Águila harpía,Consumidor primario,Boa constrictor,Mutualismo,3,2,10
59,Hormiga cortadora,Consumidor secundario,Venado,Descomposición,9,42,4
60,Termitas,Consumidor terciario,Termitas,Descomposición,3,2,2
61,Hormiga cortadora,Consumidor primario,Mono araña,Descomposición,7,25,9
62,Anaconda,Productor,Mono araña,Competencia,10,32,9
63,Hormiga cortadora,Descomponedor,Mono araña,Descomposición,1,49,3
64,Boa constrictor,Descomponedor,Hormiga cortadora,Mutualismo,2,41,7
65,Anaconda,Consumidor terciario,Mono araña,Mutualismo,2,38,4
66,Mono araña,Descomponedor,Mono araña,Mutualismo,7,29,2
67,Hormiga cortadora,Consumidor terciario,Águila harpía,Depredación,6,13,10
68,Tucán,Consumidor primario,Tucán,Depredación,5,12,4
69,Boa constrictor,Descomponedor,Jaguar,Herbivoría,9,47,1
70,Tucán,Consumidor secundario,Termitas,Competencia,4,34,6
71,Termitas,Consumidor secundario,Hormiga cortadora,Depredación,4,29,6
72,Venado,Productor,Jaguar,Competencia,5,37,4
73,Venado,Productor,Rana venenosa,Depredación,6,12,2
74,Anaconda,Productor,Rana venenosa,Herbivoría,1,9,7
75,Venado,Consumidor secundario,Hormiga cortadora,Herbivoría,8,18,4
76,Venado,Consumidor primario,Hormiga cortadora,Descomposición,3,9,10
77,Jaguar,Consumidor secundario,Venado,Descomposición,7,30,8
78,Águila harpía,Consumidor primario,Termitas,Descomposición,3,5,2
79,Tucán,Consumidor secundario,Boa constrictor,Depredación,3,36,9
80,Venado,Consumidor terciario,Mono araña,Mutualismo,1,40,8
81,Águila harpía,Descomponedor,Boa constrictor,Herbivoría,7,14,3
82,Rana venenosa,Consumidor secundario,Águila harpía,Mutualismo,9,37,4
83,Boa constrictor,Descomponedor,Anaconda,Descomposición,6,47,1
84,Jaguar,Consumidor primario,Rana venenosa,Competencia,4,46,9
85,Boa constrictor,Consumidor terciario,Mono araña,Herbivoría,2,42,9
86,Venado,Consumidor secundario,Águila harpía,Depredación,4,47,5
87,Anaconda,Descomponedor,Venado,Mutualismo,1,40,9
88,Termitas,Consumidor terciario,Venado,Depredación,8,48,1
89,Tucán,Productor,Jaguar,Descomposición,2,41,8
90,Tucán,Consumidor secundario,Águila harpía,Herbivoría,8,11,5
91,Jaguar,Productor,Tucán,Competencia,7,28,6
92,Hormiga cortadora,Consumidor primario,Hormiga cortadora,Herbivoría,4,22,5
93,Jaguar,Consumidor secundario,Rana venenosa,Descomposición,4,22,4
94,Hormiga cortadora,Consumidor secundario,Anaconda,Mutualismo,9,39,10
95,Anaconda,Consumidor primario,Boa constrictor,Mutualismo,3,32,3
96,Rana venenosa,Consumidor terciario,Mono araña,Descomposición,6,20,9
97,Boa constrictor,Consumidor primario,Jaguar,Descomposición,7,1,3
98,Boa constrictor,Descomponedor,Jaguar,Depredación,4,41,1
99,Rana venenosa,Productor,Anaconda,Depredación,4,44,8
100,Tucán,Consumidor primario,Tucán,Mutualismo,8,9,7
101,Rana venenosa,Consumidor secundario,Águila harpía,Depredación,7,4,4
102,Águila harpía,Descomponedor,Jaguar,Herbivoría,8,29,1
103,Anaconda,Consumidor terciario,Jaguar,Depredación,3,18,4
104,Jaguar,Consumidor primario,Boa constrictor,Mutualismo,9,33,6
105,Boa constrictor,Consumidor primario,Tucán,Herbivoría,10,31,8
106,Boa constrictor,Descomponedor,Mono araña,Depredación,4,48,5
107,Rana venenosa,Consumidor secundario,Anaconda,Mutualismo,9,4,6
108,Águila harpía,Consumidor secundario,Boa constrictor,Mutualismo,8,12,10
109,Rana venenosa,Productor,Tucán,Descomposición,4,14,3
110,Termitas,Descomponedor,Jaguar,Competencia,4,23,4
111,Mono araña,Consumidor primario,Mono araña,Depredación,3,19,10
112,Tucán,Consumidor primario,Mono araña,Depredación,9,1,10
113,Termitas,Consumidor terciario,Venado,Herbivoría,5,10,7
114,Termitas,Consumidor primario,Tucán,Depredación,6,23,3
115,Hormiga cortadora,Productor,Venado,Depredación,4,12,2
116,Jaguar,Productor,Venado,Mutualismo,1,41,1
117,Tucán,Consumidor terciario,Venado,Depredación,7,44,4
118,Mono araña,Consumidor terciario,Rana venenosa,Herbivoría,8,30,4
119,Águila harpía,Consumidor secundario,Jaguar,Mutualismo,10,35,3
120,Termitas,Consumidor terciario,Mono araña,Herbivoría,6,48,10
121,Tucán,Descomponedor,Termitas,Descomposición,1,8,8
122,Tucán,Consumidor secundario,Termitas,Mutualismo,8,39,1
123,Boa constrictor,Descomponedor,Tucán,Depredación,1,45,8
124,Anaconda,Consumidor terciario,Mono araña,Herbivoría,5,43,5
125,Águila harpía,Consumidor primario,Tucán,Descomposición,6,29,7
126,Tucán,Productor,Águila harpía,Descomposición,2,12,9
127,Rana venenosa,Productor,Anaconda,Descomposición,3,47,6
128,Termitas,Productor,Tucán,Competencia,4,32,4
129,Águila harpía,Consumidor terciario,Rana venenosa,Descomposición,10,8,10
130,Anaconda,Productor,Rana venenosa,Mutualismo,9,18,5
131,Boa constrictor,Consumidor primario,Tucán,Depredación,10,19,9
132,Jaguar,Descomponedor,Rana venenosa,Mutualismo,1,33,10
133,Boa constrictor,Consumidor primario,Boa constrictor,Competencia,10,26,1
134,Anaconda,Consumidor secundario,Mono araña,Descomposición,9,15,5
135,Tucán,Consumidor secundario,Rana venenosa,Depredación,1,50,8
136,Mono araña,Consumidor terciario,Termitas,Mutualismo,5,25,1
137,Anaconda,Productor,Águila harpía,Herbivoría,1,2,10
138,Termitas,Descomponedor,Boa constrictor,Mutualismo,8,37,7
139,Venado,Consumidor secundario,Rana venenosa,Depredación,3,23,1
140,Boa constrictor,Consumidor terciario,Rana venenosa,Descomposición,10,23,4
141,Rana venenosa,Consumidor terciario,Termitas,Depredación,10,48,1
142,Mono araña,Descomponedor,Venado,Mutualismo,1,5,6
143,Hormiga cortadora,Consumidor secundario,Boa constrictor,Descomposición,1,28,7
144,Termitas,Consumidor terciario,Anaconda,Descomposición,8,44,4
145,Jaguar,Consumidor terciario,Tucán,Competencia,5,20,1
146,Venado,Descomponedor,Tucán,Herbivoría,10,7,3
147,Venado,Consumidor terciario,Jaguar,Depredación,4,31,10
148,Rana venenosa,Consumidor primario,Termitas,Descomposición,3,16,5
149,Tucán,Consumidor primario,Venado,Descomposición,3,40,8
150,Termitas,Descomponedor,Anaconda,Mutualismo,2,15,7
151,Tucán,Consumidor primario,Jaguar,Herbivoría,2,50,1
152,Rana venenosa,Consumidor secundario,Tucán,Mutualismo,3,11,3
153,Águila harpía,Productor,Boa constrictor,Herbivoría,3,4,7
154,Jaguar,Consumidor terciario,Mono araña,Descomposición,8,6,2
155,Termitas,Descomponedor,Boa constrictor,Depredación,1,25,9
156,Hormiga cortadora,Consumidor terciario,Termitas,Descomposición,9,29,7
157,Tucán,Consumidor terciario,Jaguar,Competencia,5,28,6
158,Anaconda,Descomponedor,Jaguar,Competencia,9,31,2
159,Anaconda,Productor,Águila harpía,Descomposición,10,11,9
160,Venado,Productor,Águila harpía,Herbivoría,4,21,10
161,Termitas,Consumidor primario,Águila harpía,Mutualismo,10,24,2
162,Mono araña,Consumidor secundario,Boa constrictor,Depredación,4,35,8
163,Venado,Consumidor secundario,Hormiga cortadora,Herbivoría,9,31,1
164,Rana venenosa,Consumidor secundario,Tucán,Competencia,1,40,8
165,Anaconda,Productor,Mono araña,Herbivoría,5,4,7
166,Mono araña,Descomponedor,Termitas,Mutualismo,5,9,4
167,Tucán,Consumidor secundario,Anaconda,Depredación,2,21,7
168,Anaconda,Consumidor secundario,Venado,Competencia,2,44,4
169,Termitas,Consumidor terciario,Mono araña,Mutualismo,5,6,6
170,Boa constrictor,Consumidor terciario,Boa constrictor,Herbivoría,1,24,9
171,Rana venenosa,Consumidor terciario,Anaconda,Herbivoría,7,39,5
172,Venado,Consumidor primario,Termitas,Competencia,4,11,9
173,Rana venenosa,Productor,Jaguar,Competencia,8,39,7
174,Hormiga cortadora,Consumidor primario,Termitas,Mutualismo,7,6,3
175,Venado,Consumidor primario,Boa constrictor,Depredación,4,2,1
176,Rana venenosa,Descomponedor,Anaconda,Competencia,10,36,4
177,Tucán,Consumidor primario,Mono araña,Depredación,10,40,4
178,Venado,Consumidor terciario,Águila harpía,Herbivoría,10,17,10
179,Termitas,Consumidor primario,Anaconda,Competencia,10,16,6
180,Venado,Descomponedor,Anaconda,Depredación,9,6,9
181,Venado,Descomponedor,Termitas,Depredación,9,22,3
182,Termitas,Descomponedor,Anaconda,Descomposición,3,10,3
183,Águila harpía,Descomponedor,Jaguar,Depredación,1,15,5
184,Rana venenosa,Consumidor terciario,Boa constrictor,Descomposición,1,27,5
185,Termitas,Consumidor terciario,Hormiga cortadora,Depredación,6,24,4
186,Jaguar,Descomponedor,Venado,Competencia,2,17,6
187,Boa constrictor,Consumidor terciario,Jaguar,Depredación,6,15,3
188,Anaconda,Descomponedor,Boa constrictor,Descomposición,10,32,7
189,Águila harpía,Descomponedor,Mono araña,Competencia,5,45,8
190,Venado,Consumidor primario,Águila harpía,Mutualismo,7,39,5
191,Rana venenosa,Consumidor terciario,Venado,Mutualismo,9,43,2
192,Águila harpía,Consumidor primario,Termitas,Competencia,7,14,4
193,Boa constrictor,Descomponedor,Termitas,Mutualismo,7,15,1
194,Tucán,Consumidor primario,Boa constrictor,Depredación,8,49,2
195,Termitas,Consumidor primario,Venado,Herbivoría,8,42,3
196,Mono araña,Descomponedor,Hormiga cortadora,Depredación,5,10,2
197,Rana venenosa,Consumidor secundario,Rana venenosa,Competencia,9,30,7
198,Mono araña,Descomponedor,Rana venenosa,Descomposición,10,7,9
199,Jaguar,Consumidor terciario,Mono araña,Descomposición,7,49,8
200,Hormiga cortadora,Consumidor primario,Venado,Mutualismo,8,39,5
201,Termitas,Productor,Jaguar,Descomposición,4,37,8
202,Boa constrictor,Consumidor terciario,Tucán,Herbivoría,1,48,10
203,Boa constrictor,Consumidor terciario,Jaguar,Descomposición,5,45,6
204,Venado,Productor,Termitas,Mutualismo,6,14,1
205,Mono araña,Descomponedor,Hormiga cortadora,Competencia,1,15,3
206,Tucán,Consumidor secundario,Jaguar,Depredación,6,12,9
207,Mono araña,Consumidor terciario,Rana venenosa,Herbivoría,7,46,5
208,Mono araña,Descomponedor,Boa constrictor,Competencia,9,43,5
209,Mono araña,Consumidor terciario,Tucán,Mutualismo,10,33,2
210,Águila harpía,Consumidor primario,Hormiga cortadora,Depredación,6,17,5
211,Tucán,Consumidor primario,Águila harpía,Mutualismo,5,41,7
212,Mono araña,Productor,Venado,Depredación,8,20,8
213,Rana venenosa,Consumidor terciario,Jaguar,Herbivoría,8,35,2
214,Rana venenosa,Descomponedor,Termitas,Herbivoría,6,25,10
215,Águila harpía,Consumidor terciario,Jaguar,Descomposición,6,3,4
216,Tucán,Descomponedor,Jaguar,Mutualismo,9,47,4
217,Tucán,Consumidor secundario,Águila harpía,Herbivoría,3,32,6
218,Tucán,Productor,Rana venenosa,Competencia,1,46,3
219,Tucán,Consumidor primario,Hormiga cortadora,Descomposición,3,44,8
220,Boa constrictor,Productor,Rana venenosa,Depredación,10,49,1
221,Mono araña,Consumidor terciario,Termitas,Descomposición,10,24,1
222,Boa constrictor,Consumidor secundario,Jaguar,Herbivoría,2,3,10
223,Águila harpía,Consumidor secundario,Hormiga cortadora,Mutualismo,7,39,2
224,Tucán,Productor,Anaconda,Competencia,1,2,2
225,Hormiga cortadora,Consumidor secundario,Anaconda,Mutualismo,3,9,7
226,Termitas,Productor,Termitas,Descomposición,3,4,9
227,Mono araña,Consumidor terciario,Águila harpía,Mutualismo,8,44,1
228,Venado,Productor,Hormiga cortadora,Herbivoría,9,3,3
229,Águila harpía,Consumidor primario,Jaguar,Depredación,9,41,4
230,Anaconda,Descomponedor,Jaguar,Mutualismo,5,49,4
231,Hormiga cortadora,Consumidor primario,Boa constrictor,Mutualismo,4,29,2
232,Mono araña,Consumidor primario,Hormiga cortadora,Depredación,10,35,2
233,Termitas,Consumidor primario,Venado,Descomposición,8,14,5
234,Anaconda,Descomponedor,Mono araña,Depredación,1,36,9
235,Tucán,Consumidor terciario,Venado,Competencia,10,44,9
236,Jaguar,Descomponedor,Venado,Depredación,7,4,5
237,Águila harpía,Descomponedor,Anaconda,Herbivoría,3,16,3
238,Jaguar,Consumidor primario,Boa constrictor,Descomposición,10,1,3
239,Rana venenosa,Consumidor primario,Rana venenosa,Mutualismo,2,14,6
240,Tucán,Productor,Venado,Depredación,6,49,4
241,Mono araña,Productor,Rana venenosa,Mutualismo,8,27,3
242,Tucán,Productor,Hormiga cortadora,Descomposición,3,23,10
243,Termitas,Consumidor secundario,Venado,Mutualismo,7,1,5
244,Mono araña,Consumidor primario,Rana venenosa,Descomposición,9,13,8
245,Águila harpía,Descomponedor,Rana venenosa,Mutualismo,10,32,3
246,Venado,Consumidor primario,Termitas,Mutualismo,2,37,1
247,Anaconda,Consumidor terciario,Venado,Herbivoría,4,34,8
248,Rana venenosa,Productor,Rana venenosa,Depredación,8,48,1
249,Hormiga cortadora,Descomponedor,Rana venenosa,Competencia,8,31,1
250,Jaguar,Productor,Venado,Depredación,8,37,5
251,Hormiga cortadora,Descomponedor,Rana venenosa,Mutualismo,4,42,4
252,Hormiga cortadora,Consumidor terciario,Venado,Competencia,9,45,1
253,Anaconda,Consumidor primario,Boa constrictor,Mutualismo,4,3,1
254,Hormiga cortadora,Productor,Tucán,Herbivoría,8,43,2
255,Anaconda,Consumidor terciario,Venado,Mutualismo,3,38,3
256,Hormiga cortadora,Consumidor terciario,Rana venenosa,Competencia,8,27,10
257,Jaguar,Consumidor secundario,Águila harpía,Competencia,8,39,8
258,Mono araña,Consumidor secundario,Hormiga cortadora,Herbivoría,7,26,10
259,Jaguar,Productor,Rana venenosa,Depredación,10,1,8
260,Hormiga cortadora,Descomponedor,Tucán,Descomposición,4,27,3
261,Águila harpía,Consumidor secundario,Termitas,Descomposición,4,43,1
262,Tucán,Productor,Termitas,Herbivoría,3,35,7
263,Águila harpía,Productor,Rana venenosa,Descomposición,10,25,5
264,Anaconda,Descomponedor,Águila harpía,Competencia,5,46,5
265,Termitas,Descomponedor,Venado,Descomposición,9,21,10
266,Boa constrictor,Consumidor secundario,Tucán,Descomposición,1,40,6
267,Jaguar,Consumidor secundario,Jaguar,Herbivoría,10,48,4
268,Rana venenosa,Consumidor secundario,Jaguar,Descomposición,3,26,1
269,Boa constrictor,Consumidor secundario,Anaconda,Depredación,10,31,8
270,Tucán,Consumidor secundario,Boa constrictor,Descomposición,9,10,7
271,Águila harpía,Consumidor primario,Hormiga cortadora,Competencia,4,45,6
272,Águila harpía,Productor,Hormiga cortadora,Herbivoría,2,35,9
273,Rana venenosa,Consumidor secundario,Tucán,Mutualismo,2,47,7
274,Boa constrictor,Consumidor terciario,Tucán,Herbivoría,3,18,9
275,Boa constrictor,Productor,Tucán,Descomposición,3,19,1
276,Rana venenosa,Productor,Águila harpía,Herbivoría,10,25,1
277,Tucán,Consumidor primario,Anaconda,Herbivoría,5,26,10
278,Venado,Consumidor terciario,Mono araña,Descomposición,6,6,3
279,Venado,Consumidor secundario,Tucán,Herbivoría,10,12,3
280,Rana venenosa,Consumidor terciario,Águila harpía,Competencia,4,29,4
281,Termitas,Consumidor secundario,Hormiga cortadora,Mutualismo,1,27,4
282,Mono araña,Consumidor terciario,Anaconda,Herbivoría,3,18,2
283,Mono araña,Consumidor secundario,Termitas,Competencia,7,5,2
284,Termitas,Consumidor secundario,Venado,Mutualismo,6,10,4
285,Águila harpía,Consumidor terciario,Hormiga cortadora,Competencia,10,44,6
286,Venado,Consumidor primario,Hormiga cortadora,Depredación,9,35,8
287,Rana venenosa,Consumidor primario,Boa constrictor,Competencia,1,1,4
288,Tucán,Consumidor terciario,Rana venenosa,Competencia,5,44,10
289,Venado,Productor,Boa constrictor,Competencia,5,30,4
290,Rana venenosa,Productor,Termitas,Mutualismo,10,2,6
291,Anaconda,Productor,Águila harpía,Herbivoría,4,21,9
292,Rana venenosa,Productor,Termitas,Descomposición,10,17,5
293,Águila harpía,Descomponedor,Tucán,Descomposición,8,2,8
294,Anaconda,Consumidor secundario,Venado,Herbivoría,5,40,4
295,Mono araña,Consumidor secundario,Tucán,Depredación,6,17,3
296,Anaconda,Consumidor primario,Jaguar,Descomposición,8,3,6
297,Rana venenosa,Consumidor primario,Termitas,Depredación,6,39,9
298,Tucán,Consumidor primario,Termitas,Depredación,3,43,5
299,Águila harpía,Consumidor terciario,Mono araña,Herbivoría,2,33,5
300,Águila harpía,Descomponedor,Hormiga cortadora,Descomposición,7,29,9
301,Anaconda,Consumidor terciario,Mono araña,Descomposición,7,47,5
302,Anaconda,Productor,Boa constrictor,Depredación,6,5,6
303,Boa constrictor,Productor,Rana venenosa,Mutualismo,10,19,9
304,Termitas,Consumidor secundario,Boa constrictor,Herbivoría,1,43,5
305,Anaconda,Consumidor secundario,Rana venenosa,Descomposición,7,31,6
306,Águila harpía,Descomponedor,Mono araña,Depredación,1,50,9
307,Venado,Consumidor primario,Águila harpía,Descomposición,8,20,1
308,Boa constrictor,Productor,Anaconda,Mutualismo,10,33,2
309,Anaconda,Consumidor primario,Tucán,Competencia,4,34,10
310,Anaconda,Productor,Águila harpía,Herbivoría,1,42,9
311,Termitas,Consumidor secundario,Rana venenosa,Mutualismo,10,29,9
312,Águila harpía,Consumidor primario,Jaguar,Descomposición,10,3,7
313,Jaguar,Productor,Jaguar,Competencia,4,25,6
314,Mono araña,Productor,Tucán,Mutualismo,9,25,6
315,Anaconda,Consumidor primario,Boa constrictor,Competencia,2,45,4
316,Termitas,Consumidor primario,Boa constrictor,Mutualismo,10,22,10
317,Tucán,Consumidor secundario,Hormiga cortadora,Mutualismo,6,1,4
318,Águila harpía,Productor,Termitas,Depredación,8,33,7
319,Boa constrictor,Descomponedor,Rana venenosa,Descomposición,9,28,6
320,Termitas,Consumidor secundario,Hormiga cortadora,Depredación,3,31,6
321,Anaconda,Productor,Termitas,Competencia,9,32,2
322,Anaconda,Consumidor secundario,Águila harpía,Depredación,2,9,5
323,Boa constrictor,Productor,Jaguar,Competencia,6,6,8
324,Boa constrictor,Consumidor primario,Águila harpía,Mutualismo,5,7,1
325,Jaguar,Consumidor secundario,Rana venenosa,Mutualismo,4,37,8
326,Mono araña,Descomponedor,Venado,Competencia,5,28,9
327,Venado,Consumidor terciario,Boa constrictor,Depredación,1,24,8
328,Rana venenosa,Consumidor terciario,Hormiga cortadora,Mutualismo,1,22,4
329,Águila harpía,Descomponedor,Mono araña,Depredación,8,11,6
330,Hormiga cortadora,Consumidor secundario,Termitas,Depredación,10,38,3
331,Águila harpía,Consumidor primario,Jaguar,Descomposición,6,45,2
332,Boa constrictor,Consumidor terciario,Hormiga cortadora,Descomposición,4,49,6
333,Anaconda,Consumidor terciario,Rana venenosa,Competencia,4,44,10
334,Termitas,Descomponedor,Rana venenosa,Competencia,5,8,7
335,Jaguar,Consumidor primario,Águila harpía,Depredación,9,14,10
336,Anaconda,Consumidor terciario,Hormiga cortadora,Mutualismo,6,32,7
337,Venado,Consumidor terciario,Jaguar,Depredación,9,14,5
338,Jaguar,Consumidor primario,Jaguar,Competencia,9,16,9
339,Mono araña,Productor,Jaguar,Descomposición,7,36,6
340,Venado,Descomponedor,Boa constrictor,Herbivoría,7,1,7
341,Termitas,Consumidor terciario,Boa constrictor,Herbivoría,2,11,2
342,Hormiga cortadora,Consumidor primario,Venado,Mutualismo,3,49,6
343,Águila harpía,Consumidor secundario,Jaguar,Descomposición,3,37,9
344,Hormiga cortadora,Descomponedor,Venado,Descomposición,9,15,1
345,Jaguar,Consumidor secundario,Tucán,Herbivoría,2,35,7
346,Jaguar,Consumidor terciario,Jaguar,Descomposición,2,31,1
347,Mono araña,Consumidor primario,Anaconda,Herbivoría,7,31,2
348,Hormiga cortadora,Descomponedor,Mono araña,Mutualismo,3,18,3
349,Hormiga cortadora,Consumidor primario,Boa constrictor,Herbivoría,6,29,8
350,Águila harpía,Productor,Hormiga cortadora,Descomposición,1,44,10
351,Mono araña,Productor,Mono araña,Mutualismo,7,19,10
352,Tucán,Consumidor terciario,Boa constrictor,Depredación,9,23,4
353,Águila harpía,Descomponedor,Rana venenosa,Descomposición,10,20,7
354,Anaconda,Descomponedor,Venado,Depredación,1,5,8
355,Venado,Consumidor primario,Venado,Depredación,6,7,2
356,Boa constrictor,Productor,Anaconda,Herbivoría,9,20,3
357,Águila harpía,Consumidor primario,Águila harpía,Competencia,3,35,6
358,Anaconda,Descomponedor,Termitas,Herbivoría,1,27,8
359,Rana venenosa,Productor,Tucán,Descomposición,5,49,6
360,Jaguar,Consumidor terciario,Tucán,Depredación,3,19,8
361,Anaconda,Productor,Jaguar,Mutualismo,2,41,3
362,Termitas,Consumidor primario,Águila harpía,Mutualismo,8,3,2
363,Hormiga cortadora,Descomponedor,Tucán,Mutualismo,7,30,9
364,Rana venenosa,Consumidor secundario,Águila harpía,Depredación,8,41,5
365,Tucán,Descomponedor,Hormiga cortadora,Depredación,6,39,7
366,Anaconda,Productor,Hormiga cortadora,Descomposición,1,30,1
367,Boa constrictor,Productor,Jaguar,Depredación,8,40,8
368,Mono araña,Consumidor primario,Rana venenosa,Herbivoría,4,34,2
369,Tucán,Productor,Tucán,Competencia,3,22,2
370,Boa constrictor,Descomponedor,Tucán,Herbivoría,7,6,9
371,Boa constrictor,Consumidor terciario,Termitas,Competencia,2,1,6
372,Hormiga cortadora,Consumidor secundario,Tucán,Mutualismo,8,23,9
373,Venado,Consumidor terciario,Mono araña,Mutualismo,1,26,9
374,Hormiga cortadora,Descomponedor,Boa constrictor,Depredación,5,6,1
375,Jaguar,Consumidor terciario,Boa constrictor,Depredación,6,31,10
376,Boa constrictor,Consumidor terciario,Anaconda,Depredación,7,46,4
377,Tucán,Consumidor primario,Termitas,Descomposición,8,6,9
378,Mono araña,Productor,Boa constrictor,Descomposición,2,48,8
379,Hormiga cortadora,Descomponedor,Rana venenosa,Depredación,1,3,7
380,Termitas,Consumidor secundario,Águila harpía,Competencia,9,25,7
381,Boa constrictor,Consumidor primario,Hormiga cortadora,Herbivoría,1,3,7
382,Venado,Descomponedor,Tucán,Herbivoría,5,4,10
383,Jaguar,Consumidor primario,Anaconda,Mutualismo,5,8,7
384,Venado,Consumidor terciario,Boa constrictor,Mutualismo,3,35,6
385,Tucán,Descomponedor,Rana venenosa,Herbivoría,8,43,8
386,Venado,Descomponedor,Jaguar,Descomposición,8,36,4
387,Termitas,Productor,Jaguar,Herbivoría,9,22,7
388,Tucán,Consumidor primario,Anaconda,Herbivoría,1,37,1
389,Tucán,Descomponedor,Boa constrictor,Depredación,6,1,1
390,Jaguar,Consumidor primario,Águila harpía,Competencia,6,12,2
391,Águila harpía,Consumidor primario,Termitas,Depredación,2,21,4
392,Águila harpía,Consumidor primario,Anaconda,Competencia,4,37,8
393,Tucán,Descomponedor,Hormiga cortadora,Competencia,8,43,10
394,Anaconda,Consumidor terciario,Mono araña,Herbivoría,9,17,9
395,Jaguar,Consumidor secundario,Tucán,Herbivoría,4,4,6
396,Termitas,Consumidor primario,Mono araña,Mutualismo,5,21,1
397,Águila harpía,Productor,Boa constrictor,Mutualismo,2,13,8
398,Jaguar,Consumidor primario,Termitas,Mutualismo,3,1,6
399,Boa constrictor,Consumidor terciario,Rana venenosa,Herbivoría,2,14,4
400,Boa constrictor,Consumidor primario,Boa constrictor,Mutualismo,9,11,9
401,Águila harpía,Consumidor secundario,Anaconda,Herbivoría,1,40,7
402,Tucán,Descomponedor,Tucán,Depredación,7,37,10
403,Tucán,Productor,Venado,Depredación,6,21,10
404,Mono araña,Consumidor primario,Termitas,Depredación,5,40,6
405,Águila harpía,Descomponedor,Jaguar,Depredación,2,13,2
406,Hormiga cortadora,Productor,Boa constrictor,Depredación,8,17,2
407,Mono araña,Descomponedor,Venado,Competencia,10,42,1
408,Jaguar,Descomponedor,Anaconda,Competencia,9,25,7
409,Mono araña,Productor,Hormiga cortadora,Competencia,9,6,5
410,Águila harpía,Productor,Venado,Descomposición,3,8,2
411,Rana venenosa,Consumidor secundario,Mono araña,Herbivoría,3,6,5
412,Boa constrictor,Consumidor terciario,Tucán,Depredación,7,19,1
413,Águila harpía,Consumidor primario,Rana venenosa,Mutualismo,8,16,9
414,Águila harpía,Consumidor secundario,Boa constrictor,Mutualismo,10,17,2
415,Jaguar,Consumidor primario,Tucán,Herbivoría,3,34,3
416,Hormiga cortadora,Productor,Anaconda,Depredación,9,11,10
417,Jaguar,Consumidor terciario,Águila harpía,Mutualismo,5,22,5
418,Boa constrictor,Consumidor secundario,Anaconda,Mutualismo,4,31,3
419,Mono araña,Productor,Hormiga cortadora,Depredación,3,44,2
420,Mono araña,Productor,Anaconda,Depredación,1,45,6
421,Jaguar,Consumidor secundario,Jaguar,Herbivoría,2,30,7
422,Venado,Consumidor secundario,Boa constrictor,Herbivoría,9,14,5
423,Águila harpía,Productor,Águila harpía,Mutualismo,3,47,4
424,Hormiga cortadora,Productor,Tucán,Descomposición,10,30,3
425,Jaguar,Consumidor terciario,Águila harpía,Herbivoría,10,14,4
426,Hormiga cortadora,Productor,Tucán,Descomposición,8,33,10
427,Jaguar,Descomponedor,Jaguar,Herbivoría,1,5,1
428,Rana venenosa,Consumidor terciario,Tucán,Mutualismo,7,45,1
429,Hormiga cortadora,Consumidor primario,Anaconda,Mutualismo,4,8,6
430,Mono araña,Consumidor primario,Rana venenosa,Herbivoría,5,29,1
431,Termitas,Descomponedor,Boa constrictor,Depredación,2,13,8
432,Jaguar,Consumidor terciario,Termitas,Herbivoría,4,16,10
433,Jaguar,Consumidor primario,Jaguar,Depredación,6,26,8
434,Hormiga cortadora,Descomponedor,Boa constrictor,Mutualismo,6,25,8
435,Hormiga cortadora,Consumidor primario,Águila harpía,Herbivoría,10,40,4
436,Anaconda,Productor,Hormiga cortadora,Depredación,7,10,3
437,Águila harpía,Consumidor primario,Anaconda,Competencia,10,25,9
438,Mono araña,Consumidor terciario,Venado,Herbivoría,4,44,7
439,Rana venenosa,Consumidor secundario,Hormiga cortadora,Herbivoría,4,11,7
440,Rana venenosa,Consumidor terciario,Águila harpía,Descomposición,1,7,7
441,Hormiga cortadora,Productor,Jaguar,Mutualismo,2,27,6
442,Rana venenosa,Productor,Termitas,Mutualismo,7,48,2
443,Boa constrictor,Productor,Anaconda,Descomposición,3,1,5
444,Anaconda,Productor,Águila harpía,Mutualismo,1,44,2
445,Hormiga cortadora,Descomponedor,Mono araña,Mutualismo,9,20,3
446,Águila harpía,Productor,Tucán,Descomposición,7,38,2
447,Venado,Consumidor terciario,Rana venenosa,Competencia,8,25,1
448,Mono araña,Consumidor terciario,Águila harpía,Depredación,6,47,3
449,Jaguar,Productor,Mono araña,Competencia,6,18,1
450,Tucán,Consumidor primario,Venado,Herbivoría,4,17,5
451,Jaguar,Consumidor terciario,Rana venenosa,Herbivoría,7,23,1
452,Boa constrictor,Consumidor terciario,Águila harpía,Depredación,10,17,4
453,Anaconda,Consumidor terciario,Boa constrictor,Competencia,2,47,3
454,Venado,Consumidor terciario,Jaguar,Descomposición,3,45,6
455,Tucán,Descomponedor,Termitas,Descomposición,2,36,2
456,Hormiga cortadora,Consumidor secundario,Venado,Mutualismo,4,38,3
457,Anaconda,Descomponedor,Boa constrictor,Depredación,10,21,9
458,Rana venenosa,Consumidor primario,Termitas,Competencia,6,42,9
459,Venado,Productor,Mono araña,Descomposición,8,35,2
460,Anaconda,Productor,Termitas,Depredación,4,34,5
461,Águila harpía,Descomponedor,Boa constrictor,Depredación,5,7,2
462,Tucán,Descomponedor,Boa constrictor,Depredación,8,32,10
463,Jaguar,Consumidor secundario,Termitas,Herbivoría,7,45,10
464,Tucán,Productor,Venado,Competencia,5,14,3
465,Mono araña,Descomponedor,Termitas,Depredación,5,46,5
466,Venado,Consumidor primario,Termitas,Herbivoría,5,43,3
467,Mono araña,Consumidor secundario,Mono araña,Competencia,10,46,6
468,Mono araña,Consumidor primario,Hormiga cortadora,Depredación,7,12,8
469,Mono araña,Consumidor primario,Rana venenosa,Mutualismo,1,18,2
470,Venado,Consumidor secundario,Termitas,Herbivoría,10,6,4
471,Tucán,Consumidor secundario,Jaguar,Competencia,8,27,3
472,Jaguar,Consumidor terciario,Rana venenosa,Herbivoría,7,22,2
473,Hormiga cortadora,Consumidor secundario,Termitas,Herbivoría,1,25,9
474,Águila harpía,Productor,Anaconda,Depredación,6,42,6
475,Boa constrictor,Consumidor secundario,Hormiga cortadora,Competencia,1,6,9
476,Termitas,Descomponedor,Mono araña,Depredación,10,41,8
477,Boa constrictor,Productor,Rana venenosa,Competencia,3,42,5
478,Mono araña,Productor,Venado,Depredación,7,13,1
479,Tucán,Productor,Hormiga cortadora,Herbivoría,9,31,1
480,Venado,Consumidor secundario,Anaconda,Herbivoría,8,48,2
481,Hormiga cortadora,Consumidor primario,Boa constrictor,Mutualismo,5,32,8
482,Venado,Descomponedor,Anaconda,Competencia,8,35,6
483,Hormiga cortadora,Productor,Boa constrictor,Competencia,2,2,6
484,Hormiga cortadora,Descomponedor,Jaguar,Mutualismo,7,12,4
485,Rana venenosa,Productor,Venado,Mutualismo,7,47,3
486,Mono araña,Consumidor secundario,Mono araña,Mutualismo,10,47,8
487,Águila harpía,Consumidor primario,Venado,Competencia,8,28,6
488,Jaguar,Consumidor primario,Tucán,Depredación,9,26,7
489,Tucán,Productor,Boa constrictor,Herbivoría,6,41,10
490,Jaguar,Consumidor terciario,Rana venenosa,Herbivoría,2,13,3
491,Hormiga cortadora,Consumidor primario,Hormiga cortadora,Depredación,6,15,1
492,Venado,Productor,Águila harpía,Mutualismo,3,22,5
493,Hormiga cortadora,Descomponedor,Jaguar,Herbivoría,1,2,6
494,Venado,Productor,Águila harpía,Competencia,8,37,8
495,Mono araña,Descomponedor,Hormiga cortadora,Depredación,2,12,10
496,Tucán,Productor,Venado,Descomposición,5,22,6
497,Mono araña,Consumidor terciario,Jaguar,Herbivoría,1,2,1
498,Jaguar,Productor,Venado,Descomposición,10,2,1
499,Mono araña,Consumidor terciario,Mono araña,Herbivoría,5,17,1
500,Anaconda,Consumidor secundario,Jaguar,Descomposición,6,41,7
501,Anaconda,Consumidor secundario,Rana venenosa,Descomposición,10,4,4
502,Tucán,Consumidor secundario,Venado,Descomposición,6,49,5
503,Águila harpía,Consumidor primario,Rana venenosa,Depredación,5,28,4
504,Termitas,Productor,Mono araña,Competencia,3,6,3
505,Tucán,Consumidor primario,Águila harpía,Descomposición,4,21,10
506,Boa constrictor,Productor,Tucán,Descomposición,8,25,9
507,Águila harpía,Descomponedor,Tucán,Competencia,5,13,10
508,Hormiga cortadora,Consumidor secundario,Rana venenosa,Herbivoría,8,45,1
509,Rana venenosa,Consumidor primario,Águila harpía,Depredación,7,30,1
510,Mono araña,Consumidor terciario,Águila harpía,Herbivoría,2,1,7
511,Venado,Consumidor terciario,Hormiga cortadora,Descomposición,6,32,10
512,Mono araña,Productor,Termitas,Mutualismo,5,10,7
513,Boa constrictor,Descomponedor,Tucán,Mutualismo,9,4,4
514,Tucán,Consumidor primario,Águila harpía,Competencia,5,10,6
515,Tucán,Consumidor primario,Rana venenosa,Depredación,6,35,10
516,Rana venenosa,Consumidor terciario,Venado,Mutualismo,6,49,7
517,Rana venenosa,Productor,Águila harpía,Herbivoría,3,41,10
518,Águila harpía,Descomponedor,Boa constrictor,Herbivoría,4,22,1
519,Tucán,Consumidor secundario,Termitas,Mutualismo,2,24,2
520,Anaconda,Consumidor primario,Boa constrictor,Mutualismo,2,48,6
521,Venado,Productor,Jaguar,Herbivoría,1,48,10
522,Termitas,Consumidor primario,Jaguar,Depredación,7,28,4
523,Tucán,Consumidor primario,Águila harpía,Competencia,9,47,1
524,Hormiga cortadora,Consumidor terciario,Mono araña,Herbivoría,1,20,2
525,Tucán,Descomponedor,Boa constrictor,Descomposición,4,30,3
526,Boa constrictor,Consumidor terciario,Venado,Mutualismo,6,50,6
527,Águila harpía,Descomponedor,Águila harpía,Competencia,4,25,7
528,Rana venenosa,Consumidor terciario,Rana venenosa,Herbivoría,9,7,6
529,Mono araña,Consumidor primario,Tucán,Herbivoría,5,41,9
530,Venado,Consumidor primario,Águila harpía,Herbivoría,6,8,2
531,Boa constrictor,Consumidor terciario,Mono araña,Herbivoría,4,36,6
532,Mono araña,Consumidor terciario,Anaconda,Mutualismo,7,31,10
533,Venado,Productor,Boa constrictor,Mutualismo,3,34,8
534,Tucán,Descomponedor,Rana venenosa,Herbivoría,1,31,3
535,Tucán,Consumidor primario,Hormiga cortadora,Depredación,3,36,9
536,Jaguar,Consumidor primario,Venado,Herbivoría,4,13,7
537,Águila harpía,Descomponedor,Mono araña,Depredación,10,45,6
538,Rana venenosa,Consumidor terciario,Hormiga cortadora,Depredación,7,14,8
539,Águila harpía,Descomponedor,Tucán,Depredación,10,14,1
540,Venado,Consumidor primario,Boa constrictor,Descomposición,4,11,2
541,Tucán,Consumidor terciario,Anaconda,Herbivoría,7,34,5
542,Boa constrictor,Productor,Rana venenosa,Mutualismo,8,24,6
543,Venado,Consumidor primario,Rana venenosa,Mutualismo,4,27,4
544,Boa constrictor,Consumidor secundario,Jaguar,Depredación,5,1,9
545,Hormiga cortadora,Consumidor terciario,Venado,Depredación,1,4,7
546,Hormiga cortadora,Descomponedor,Tucán,Mutualismo,9,43,6
547,Mono araña,Consumidor primario,Rana venenosa,Herbivoría,7,20,9
548,Mono araña,Descomponedor,Águila harpía,Herbivoría,3,25,4
549,Hormiga cortadora,Productor,Jaguar,Competencia,10,3,1
550,Boa constrictor,Consumidor terciario,Venado,Herbivoría,1,44,7
551,Tucán,Productor,Hormiga cortadora,Competencia,8,38,3
552,Águila harpía,Consumidor terciario,Tucán,Herbivoría,1,32,7
553,Termitas,Productor,Rana venenosa,Descomposición,9,10,1
554,Boa constrictor,Consumidor secundario,Termitas,Mutualismo,4,28,7
555,Tucán,Consumidor secundario,Jaguar,Descomposición,7,8,6
556,Jaguar,Consumidor terciario,Tucán,Depredación,7,40,9
557,Venado,Descomponedor,Jaguar,Competencia,8,16,8
558,Tucán,Consumidor secundario,Boa constrictor,Competencia,7,7,1
559,Anaconda,Consumidor secundario,Termitas,Descomposición,8,41,9
560,Anaconda,Descomponedor,Venado,Competencia,6,20,7
561,Jaguar,Descomponedor,Águila harpía,Competencia,6,32,1
562,Venado,Consumidor terciario,Boa constrictor,Depredación,6,18,10
563,Tucán,Descomponedor,Jaguar,Descomposición,10,20,4
564,Boa constrictor,Consumidor secundario,Anaconda,Herbivoría,9,8,5
565,Boa constrictor,Consumidor terciario,Anaconda,Mutualismo,9,23,5
566,Tucán,Consumidor primario,Anaconda,Mutualismo,9,12,10
567,Jaguar,Consumidor secundario,Boa constrictor,Descomposición,5,13,2
568,Venado,Consumidor terciario,Boa constrictor,Descomposición,4,12,5
569,Jaguar,Consumidor terciario,Jaguar,Herbivoría,8,15,8
570,Hormiga cortadora,Consumidor terciario,Termitas,Herbivoría,4,30,7
571,Rana venenosa,Consumidor terciario,Mono araña,Mutualismo,4,48,1
572,Venado,Descomponedor,Venado,Competencia,4,29,3
573,Hormiga cortadora,Descomponedor,Jaguar,Competencia,5,34,1
574,Anaconda,Consumidor primario,Mono araña,Competencia,7,42,10
575,Mono araña,Descomponedor,Mono araña,Descomposición,4,41,10
576,Boa constrictor,Consumidor terciario,Termitas,Descomposición,3,15,3
577,Venado,Descomponedor,Boa constrictor,Competencia,10,40,3
578,Hormiga cortadora,Consumidor primario,Águila harpía,Descomposición,10,45,4
579,Rana venenosa,Consumidor terciario,Mono araña,Herbivoría,4,25,5
580,Venado,Consumidor primario,Mono araña,Depredación,3,49,10
581,Rana venenosa,Productor,Rana venenosa,Depredación,1,17,2
582,Jaguar,Descomponedor,Rana venenosa,Descomposición,2,48,4
583,Venado,Descomponedor,Anaconda,Mutualismo,8,14,6
584,Hormiga cortadora,Consumidor secundario,Rana venenosa,Competencia,9,27,6
585,Venado,Consumidor secundario,Mono araña,Descomposición,5,47,10
586,Hormiga cortadora,Descomponedor,Jaguar,Mutualismo,8,4,2
587,Boa constrictor,Productor,Tucán,Mutualismo,6,18,3
588,Hormiga cortadora,Consumidor primario,Anaconda,Mutualismo,4,42,8
589,Boa constrictor,Descomponedor,Águila harpía,Mutualismo,9,35,8
590,Mono araña,Productor,Jaguar,Depredación,4,2,8
591,Venado,Consumidor terciario,Anaconda,Depredación,7,19,3
592,Jaguar,Productor,Águila harpía,Descomposición,5,46,10
593,Mono araña,Descomponedor,Venado,Competencia,5,11,8
594,Águila harpía,Consumidor terciario,Anaconda,Descomposición,6,26,5
595,Mono araña,Consumidor primario,Jaguar,Competencia,2,29,3
596,Anaconda,Productor,Tucán,Descomposición,9,49,1
597,Águila harpía,Productor,Jaguar,Herbivoría,3,37,1
598,Águila harpía,Consumidor terciario,Termitas,Depredación,3,13,3
599,Anaconda,Consumidor terciario,Jaguar,Competencia,7,18,3
600,Boa constrictor,Consumidor primario,Jaguar,Descomposición,6,3,2
601,Águila harpía,Consumidor primario,Hormiga cortadora,Descomposición,1,6,1
602,Venado,Consumidor primario,Hormiga cortadora,Competencia,6,22,4
603,Hormiga cortadora,Consumidor primario,Hormiga cortadora,Competencia,8,24,5
604,Hormiga cortadora,Productor,Jaguar,Herbivoría,9,34,10
605,Águila harpía,Consumidor primario,Tucán,Herbivoría,10,3,3
606,Rana venenosa,Consumidor secundario,Venado,Depredación,5,40,4
607,Anaconda,Productor,Mono araña,Herbivoría,10,41,3
608,Venado,Descomponedor,Jaguar,Mutualismo,7,43,9
609,Águila harpía,Consumidor terciario,Jaguar,Competencia,1,50,10
610,Anaconda,Descomponedor,Águila harpía,Descomposición,4,4,7
611,Hormiga cortadora,Productor,Hormiga cortadora,Depredación,5,29,8
612,Mono araña,Descomponedor,Mono araña,Mutualismo,9,17,7
613,Mono araña,Descomponedor,Anaconda,Descomposición,7,7,2
614,Hormiga cortadora,Productor,Mono araña,Mutualismo,7,30,3
615,Rana venenosa,Descomponedor,Águila harpía,Mutualismo,8,3,5
616,Mono araña,Consumidor primario,Jaguar,Herbivoría,5,27,2
617,Anaconda,Descomponedor,Venado,Herbivoría,6,39,7
618,Jaguar,Productor,Águila harpía,Depredación,9,42,9
619,Termitas,Descomponedor,Venado,Mutualismo,9,28,6
620,Tucán,Descomponedor,Rana venenosa,Descomposición,1,14,8
621,Boa constrictor,Descomponedor,Rana venenosa,Mutualismo,1,23,6
622,Termitas,Descomponedor,Venado,Descomposición,7,2,4
623,Anaconda,Consumidor terciario,Tucán,Descomposición,9,32,6
624,Termitas,Consumidor secundario,Tucán,Competencia,9,4,3
625,Hormiga cortadora,Descomponedor,Águila harpía,Depredación,8,3,1
626,Jaguar,Consumidor primario,Mono araña,Competencia,10,18,7
627,Águila harpía,Descomponedor,Anaconda,Mutualismo,6,42,10
628,Anaconda,Descomponedor,Termitas,Competencia,10,1,10
629,Hormiga cortadora,Productor,Tucán,Herbivoría,3,29,3
630,Hormiga cortadora,Consumidor secundario,Jaguar,Depredación,7,5,1
631,Anaconda,Consumidor terciario,Jaguar,Depredación,5,24,9
632,Tucán,Descomponedor,Anaconda,Depredación,7,45,4
633,Mono araña,Descomponedor,Termitas,Mutualismo,7,29,3
634,Rana venenosa,Descomponedor,Tucán,Depredación,6,22,3
635,Águila harpía,Descomponedor,Boa constrictor,Herbivoría,6,41,3
636,Rana venenosa,Consumidor terciario,Águila harpía,Depredación,9,9,1
637,Anaconda,Productor,Águila harpía,Depredación,9,17,9
638,Anaconda,Consumidor secundario,Venado,Herbivoría,1,24,8
639,Boa constrictor,Productor,Anaconda,Descomposición,3,23,10
640,Hormiga cortadora,Productor,Hormiga cortadora,Depredación,8,33,5
641,Tucán,Productor,Mono araña,Herbivoría,2,34,5
642,Águila harpía,Descomponedor,Termitas,Mutualismo,8,41,10
643,Tucán,Productor,Tucán,Mutualismo,4,4,4
644,Hormiga cortadora,Consumidor terciario,Jaguar,Depredación,8,21,7
645,Jaguar,Consumidor terciario,Mono araña,Mutualismo,9,42,5
646,Anaconda,Consumidor terciario,Águila harpía,Descomposición,7,40,8
647,Anaconda,Descomponedor,Boa constrictor,Descomposición,3,29,9
648,Jaguar,Descomponedor,Jaguar,Depredación,9,47,6
649,Anaconda,Descomponedor,Jaguar,Competencia,6,38,3
650,Jaguar,Productor,Jaguar,Competencia,2,7,6
651,Hormiga cortadora,Consumidor secundario,Jaguar,Competencia,6,38,7
652,Boa constrictor,Productor,Mono araña,Descomposición,3,13,9
653,Águila harpía,Descomponedor,Termitas,Descomposición,2,19,3
654,Boa constrictor,Consumidor secundario,Tucán,Descomposición,1,5,4
655,Anaconda,Productor,Mono araña,Herbivoría,8,28,8
656,Hormiga cortadora,Descomponedor,Boa constrictor,Herbivoría,9,36,7
657,Jaguar,Productor,Mono araña,Mutualismo,4,24,1
658,Rana venenosa,Productor,Mono araña,Depredación,3,44,4
659,Rana venenosa,Descomponedor,Mono araña,Descomposición,4,13,1
660,Anaconda,Consumidor secundario,Boa constrictor,Competencia,10,15,2
661,Rana venenosa,Consumidor secundario,Boa constrictor,Competencia,1,10,9
662,Mono araña,Consumidor primario,Venado,Descomposición,7,14,9
663,Hormiga cortadora,Consumidor terciario,Tucán,Competencia,3,40,1
664,Boa constrictor,Consumidor secundario,Tucán,Herbivoría,7,42,10
665,Hormiga cortadora,Consumidor primario,Venado,Competencia,5,12,2
666,Anaconda,Descomponedor,Jaguar,Descomposición,2,34,10
667,Termitas,Productor,Venado,Mutualismo,8,12,8
668,Venado,Consumidor primario,Boa constrictor,Competencia,6,49,2
669,Tucán,Descomponedor,Jaguar,Mutualismo,2,5,6
670,Hormiga cortadora,Productor,Mono araña,Mutualismo,6,2,3
671,Mono araña,Descomponedor,Venado,Mutualismo,1,40,4
672,Venado,Descomponedor,Anaconda,Herbivoría,1,49,3
673,Termitas,Productor,Águila harpía,Mutualismo,4,17,6
674,Jaguar,Descomponedor,Venado,Mutualismo,8,13,10
675,Jaguar,Consumidor terciario,Boa constrictor,Competencia,2,14,3
676,Venado,Consumidor primario,Mono araña,Herbivoría,3,42,8
677,Mono araña,Productor,Tucán,Competencia,10,11,1
678,Venado,Consumidor secundario,Hormiga cortadora,Herbivoría,4,29,7
679,Venado,Consumidor secundario,Venado,Descomposición,7,21,2
680,Termitas,Consumidor primario,Rana venenosa,Mutualismo,2,38,2
681,Tucán,Consumidor terciario,Mono araña,Competencia,1,19,5
682,Anaconda,Productor,Boa constrictor,Herbivoría,9,1,2
683,Hormiga cortadora,Consumidor secundario,Hormiga cortadora,Mutualismo,5,26,9
684,Hormiga cortadora,Descomponedor,Mono araña,Competencia,6,14,10
685,Águila harpía,Consumidor primario,Hormiga cortadora,Competencia,2,9,3
686,Águila harpía,Consumidor terciario,Boa constrictor,Mutualismo,4,24,3
687,Rana venenosa,Consumidor secundario,Anaconda,Depredación,5,3,5
688,Tucán,Consumidor primario,Rana venenosa,Herbivoría,2,8,4
689,Rana venenosa,Consumidor primario,Tucán,Herbivoría,3,15,5
690,Termitas,Productor,Venado,Mutualismo,10,41,6
691,Anaconda,Productor,Boa constrictor,Mutualismo,10,49,7
692,Águila harpía,Productor,Boa constrictor,Depredación,6,22,4
693,Águila harpía,Consumidor terciario,Termitas,Herbivoría,1,13,5
694,Termitas,Consumidor secundario,Boa constrictor,Herbivoría,9,45,9
695,Mono araña,Consumidor terciario,Anaconda,Mutualismo,1,10,6
696,Venado,Productor,Tucán,Mutualismo,4,13,8
697,Venado,Descomponedor,Anaconda,Competencia,2,28,10
698,Águila harpía,Consumidor terciario,Rana venenosa,Descomposición,9,23,4
699,Jaguar,Consumidor secundario,Venado,Depredación,9,26,10
700,Tucán,Consumidor secundario,Rana venenosa,Descomposición,4,39,5
701,Jaguar,Consumidor primario,Rana venenosa,Mutualismo,2,49,9
702,Boa constrictor,Descomponedor,Venado,Competencia,10,8,4
703,Venado,Productor,Anaconda,Herbivoría,7,5,1
704,Boa constrictor,Consumidor primario,Rana venenosa,Depredación,9,17,1
705,Hormiga cortadora,Consumidor primario,Termitas,Herbivoría,6,47,5
706,Boa constrictor,Consumidor primario,Termitas,Descomposición,4,45,4
707,Boa constrictor,Consumidor terciario,Termitas,Mutualismo,10,27,2
708,Tucán,Consumidor secundario,Tucán,Mutualismo,10,18,3
709,Hormiga cortadora,Descomponedor,Anaconda,Depredación,7,22,5
710,Venado,Consumidor primario,Termitas,Herbivoría,10,3,7
711,Mono araña,Descomponedor,Termitas,Mutualismo,4,43,7
712,Boa constrictor,Consumidor primario,Rana venenosa,Depredación,9,30,5
713,Jaguar,Consumidor secundario,Anaconda,Herbivoría,1,38,4
714,Hormiga cortadora,Consumidor primario,Mono araña,Descomposición,7,9,6
715,Mono araña,Descomponedor,Rana venenosa,Depredación,8,21,6
716,Rana venenosa,Productor,Boa constrictor,Descomposición,8,18,3
717,Tucán,Descomponedor,Hormiga cortadora,Competencia,1,46,8
718,Anaconda,Consumidor terciario,Anaconda,Depredación,10,44,6
719,Termitas,Consumidor secundario,Mono araña,Mutualismo,9,17,10
720,Mono araña,Consumidor primario,Anaconda,Competencia,5,21,5
721,Jaguar,Productor,Hormiga cortadora,Depredación,10,45,8
722,Venado,Consumidor secundario,Tucán,Competencia,5,14,3
723,Termitas,Consumidor terciario,Tucán,Depredación,3,35,9
724,Termitas,Consumidor primario,Jaguar,Herbivoría,7,32,7
725,Águila harpía,Consumidor primario,Tucán,Descomposición,5,47,7
726,Mono araña,Productor,Mono araña,Descomposición,8,40,4
727,Jaguar,Consumidor terciario,Tucán,Competencia,5,1,6
728,Boa constrictor,Productor,Hormiga cortadora,Herbivoría,9,44,7
729,Boa constrictor,Consumidor primario,Tucán,Descomposición,1,48,5
730,Termitas,Consumidor primario,Águila harpía,Competencia,10,37,6
731,Boa constrictor,Consumidor terciario,Venado,Competencia,5,23,1
732,Águila harpía,Consumidor primario,Venado,Competencia,8,47,2
733,Venado,Descomponedor,Hormiga cortadora,Descomposición,6,17,6
734,Tucán,Descomponedor,Mono araña,Depredación,10,17,9
735,Termitas,Consumidor secundario,Mono araña,Depredación,9,34,8
736,Mono araña,Consumidor primario,Tucán,Depredación,9,15,6
737,Anaconda,Consumidor terciario,Anaconda,Descomposición,7,32,6
738,Rana venenosa,Consumidor primario,Anaconda,Competencia,7,1,5
739,Termitas,Consumidor primario,Jaguar,Herbivoría,10,35,4
740,Hormiga cortadora,Consumidor terciario,Jaguar,Descomposición,8,36,4
741,Venado,Consumidor terciario,Boa constrictor,Mutualismo,5,14,10
742,Venado,Descomponedor,Hormiga cortadora,Mutualismo,1,33,6
743,Tucán,Descomponedor,Termitas,Depredación,4,44,5
744,Venado,Consumidor primario,Jaguar,Depredación,5,34,10
745,Boa constrictor,Descomponedor,Venado,Herbivoría,4,44,3
746,Venado,Consumidor secundario,Águila harpía,Depredación,10,25,10
747,Termitas,Consumidor primario,Termitas,Herbivoría,7,6,6
748,Anaconda,Consumidor secundario,Termitas,Depredación,10,36,8
749,Águila harpía,Consumidor primario,Venado,Depredación,9,26,2
750,Rana venenosa,Consumidor primario,Jaguar,Depredación,3,46,8
751,Jaguar,Productor,Rana venenosa,Herbivoría,9,24,5
752,Termitas,Descomponedor,Rana venenosa,Depredación,6,45,1
753,Águila harpía,Productor,Águila harpía,Descomposición,9,35,5
754,Termitas,Productor,Tucán,Depredación,4,37,8
755,Jaguar,Consumidor secundario,Águila harpía,Competencia,4,11,5
756,Tucán,Descomponedor,Jaguar,Mutualismo,2,26,6
757,Águila harpía,Consumidor secundario,Termitas,Herbivoría,10,45,8
758,Venado,Descomponedor,Termitas,Depredación,10,28,8
759,Mono araña,Productor,Termitas,Descomposición,1,10,2
760,Venado,Productor,Boa constrictor,Competencia,7,25,8
761,Venado,Productor,Rana venenosa,Competencia,1,16,9
762,Águila harpía,Descomponedor,Boa constrictor,Descomposición,10,42,10
763,Rana venenosa,Consumidor secundario,Mono araña,Descomposición,6,18,1
764,Jaguar,Consumidor secundario,Águila harpía,Herbivoría,2,48,5
765,Boa constrictor,Consumidor primario,Mono araña,Descomposición,9,1,2
766,Hormiga cortadora,Consumidor terciario,Boa constrictor,Descomposición,8,12,7
767,Jaguar,Descomponedor,Anaconda,Mutualismo,9,6,8
768,Mono araña,Consumidor terciario,Tucán,Herbivoría,8,5,1
769,Rana venenosa,Consumidor terciario,Jaguar,Competencia,5,8,5
770,Rana venenosa,Productor,Rana venenosa,Depredación,6,6,4
771,Boa constrictor,Consumidor secundario,Boa constrictor,Herbivoría,4,36,3
772,Hormiga cortadora,Descomponedor,Termitas,Competencia,1,10,5
773,Hormiga cortadora,Descomponedor,Rana venenosa,Depredación,5,15,5
774,Rana venenosa,Productor,Águila harpía,Descomposición,3,45,8
775,Anaconda,Descomponedor,Anaconda,Competencia,5,10,1
776,Hormiga cortadora,Consumidor secundario,Tucán,Descomposición,5,9,10
777,Mono araña,Consumidor secundario,Jaguar,Competencia,9,12,2
778,Hormiga cortadora,Consumidor secundario,Mono araña,Competencia,1,42,8
779,Venado,Descomponedor,Boa constrictor,Competencia,4,28,5
780,Rana venenosa,Consumidor secundario,Anaconda,Descomposición,8,17,2
781,Rana venenosa,Consumidor primario,Venado,Descomposición,8,41,7
782,Águila harpía,Consumidor secundario,Rana venenosa,Competencia,8,19,5
783,Rana venenosa,Descomponedor,Tucán,Descomposición,2,37,7
784,Tucán,Consumidor terciario,Rana venenosa,Depredación,4,37,4
785,Hormiga cortadora,Productor,Hormiga cortadora,Descomposición,10,50,1
786,Termitas,Productor,Tucán,Mutualismo,6,14,3
787,Venado,Consumidor primario,Rana venenosa,Descomposición,3,37,9
788,Anaconda,Descomponedor,Águila harpía,Mutualismo,2,42,5
789,Boa constrictor,Consumidor secundario,Jaguar,Herbivoría,10,4,1
790,Águila harpía,Descomponedor,Anaconda,Descomposición,4,18,3
791,Anaconda,Consumidor secundario,Anaconda,Herbivoría,10,20,5
792,Águila harpía,Consumidor secundario,Venado,Herbivoría,8,49,4
793,Tucán,Consumidor primario,Hormiga cortadora,Depredación,2,3,9
794,Águila harpía,Productor,Rana venenosa,Mutualismo,6,31,7
795,Anaconda,Consumidor primario,Tucán,Mutualismo,9,6,8
796,Boa constrictor,Consumidor primario,Águila harpía,Competencia,5,45,3
797,Venado,Consumidor secundario,Rana venenosa,Competencia,3,34,1
798,Mono araña,Productor,Anaconda,Competencia,4,7,6
799,Venado,Consumidor terciario,Anaconda,Descomposición,8,4,6
800,Anaconda,Consumidor secundario,Termitas,Mutualismo,5,50,9
801,Termitas,Descomponedor,Boa constrictor,Herbivoría,2,9,5
802,Mono araña,Productor,Termitas,Herbivoría,2,41,6
803,Venado,Productor,Hormiga cortadora,Mutualismo,10,46,5
804,Mono araña,Consumidor primario,Jaguar,Descomposición,6,25,3
805,Rana venenosa,Productor,Boa constrictor,Herbivoría,2,15,4
806,Mono araña,Descomponedor,Termitas,Depredación,3,26,9
807,Tucán,Consumidor secundario,Termitas,Herbivoría,2,7,5
808,Hormiga cortadora,Productor,Rana venenosa,Descomposición,10,26,5
809,Rana venenosa,Consumidor primario,Rana venenosa,Descomposición,7,13,6
810,Anaconda,Productor,Hormiga cortadora,Herbivoría,1,49,7
811,Venado,Productor,Termitas,Descomposición,3,33,8
812,Venado,Consumidor terciario,Hormiga cortadora,Descomposición,3,27,6
813,Rana venenosa,Descomponedor,Anaconda,Mutualismo,6,13,5
814,Boa constrictor,Consumidor terciario,Mono araña,Descomposición,2,21,2
815,Rana venenosa,Descomponedor,Mono araña,Herbivoría,5,36,1
816,Rana venenosa,Consumidor secundario,Tucán,Mutualismo,10,37,2
817,Tucán,Consumidor terciario,Rana venenosa,Herbivoría,9,44,7
818,Venado,Consumidor primario,Tucán,Descomposición,6,26,8
819,Hormiga cortadora,Descomponedor,Termitas,Mutualismo,10,24,6
820,Hormiga cortadora,Productor,Rana venenosa,Descomposición,4,8,6
821,Venado,Consumidor primario,Mono araña,Depredación,2,32,9
822,Venado,Productor,Boa constrictor,Herbivoría,2,40,8
823,Anaconda,Consumidor terciario,Tucán,Depredación,2,4,3
824,Venado,Consumidor secundario,Hormiga cortadora,Depredación,9,44,7
825,Boa constrictor,Consumidor primario,Tucán,Herbivoría,5,43,1
826,Venado,Consumidor secundario,Hormiga cortadora,Descomposición,2,50,6
827,Mono araña,Consumidor secundario,Jaguar,Herbivoría,8,39,5
828,Boa constrictor,Consumidor secundario,Boa constrictor,Herbivoría,9,39,4
829,Tucán,Descomponedor,Jaguar,Depredación,5,19,10
830,Venado,Consumidor terciario,Termitas,Depredación,9,23,6
831,Tucán,Descomponedor,Jaguar,Depredación,4,20,2
832,Mono araña,Descomponedor,Tucán,Competencia,10,30,4
833,Hormiga cortadora,Descomponedor,Hormiga cortadora,Depredación,3,46,6
834,Mono araña,Productor,Jaguar,Mutualismo,8,33,3
835,Boa constrictor,Productor,Termitas,Depredación,6,14,1
836,Termitas,Consumidor secundario,Tucán,Descomposición,2,42,5
837,Águila harpía,Descomponedor,Hormiga cortadora,Mutualismo,5,42,5
838,Anaconda,Consumidor secundario,Jaguar,Mutualismo,5,49,10
839,Termitas,Consumidor terciario,Anaconda,Depredación,7,42,2
840,Jaguar,Consumidor primario,Hormiga cortadora,Descomposición,1,28,6
841,Boa constrictor,Productor,Tucán,Depredación,10,14,7
842,Mono araña,Productor,Termitas,Depredación,6,13,6
843,Rana venenosa,Descomponedor,Boa constrictor,Mutualismo,6,32,2
844,Termitas,Consumidor primario,Tucán,Descomposición,7,12,5
845,Anaconda,Descomponedor,Boa constrictor,Descomposición,8,43,10
846,Termitas,Consumidor primario,Jaguar,Depredación,10,46,1
847,Termitas,Descomponedor,Tucán,Descomposición,3,18,3
848,Anaconda,Descomponedor,Mono araña,Mutualismo,5,12,1
849,Águila harpía,Consumidor secundario,Anaconda,Competencia,5,17,6
850,Venado,Consumidor secundario,Jaguar,Descomposición,10,11,3
851,Rana venenosa,Descomponedor,Termitas,Herbivoría,10,1,4
852,Anaconda,Consumidor terciario,Rana venenosa,Mutualismo,8,14,9
853,Águila harpía,Productor,Águila harpía,Herbivoría,6,48,7
854,Termitas,Consumidor primario,Águila harpía,Competencia,9,1,3
855,Águila harpía,Consumidor terciario,Hormiga cortadora,Competencia,6,41,10
856,Mono araña,Descomponedor,Venado,Depredación,2,29,2
857,Anaconda,Descomponedor,Venado,Descomposición,5,4,8
858,Águila harpía,Consumidor primario,Águila harpía,Herbivoría,3,47,3
859,Hormiga cortadora,Consumidor primario,Venado,Mutualismo,9,22,1
860,Termitas,Consumidor terciario,Boa constrictor,Mutualismo,2,39,6
861,Termitas,Consumidor primario,Rana venenosa,Herbivoría,8,7,4
862,Tucán,Consumidor primario,Águila harpía,Depredación,10,44,5
863,Mono araña,Consumidor secundario,Hormiga cortadora,Mutualismo,10,9,1
864,Hormiga cortadora,Consumidor primario,Tucán,Mutualismo,9,39,3
865,Anaconda,Consumidor terciario,Boa constrictor,Herbivoría,7,15,3
866,Termitas,Descomponedor,Tucán,Descomposición,8,23,5
867,Termitas,Consumidor terciario,Jaguar,Descomposición,9,26,1
868,Mono araña,Consumidor primario,Mono araña,Depredación,4,41,7
869,Anaconda,Consumidor secundario,Tucán,Descomposición,2,11,7
870,Tucán,Consumidor primario,Hormiga cortadora,Competencia,2,22,10
871,Anaconda,Consumidor secundario,Águila harpía,Depredación,9,13,6
872,Anaconda,Productor,Anaconda,Competencia,6,2,9
873,Tucán,Consumidor secundario,Águila harpía,Mutualismo,1,43,1
874,Hormiga cortadora,Consumidor terciario,Hormiga cortadora,Descomposición,4,36,8
875,Rana venenosa,Productor,Venado,Herbivoría,10,50,2
876,Boa constrictor,Productor,Tucán,Depredación,2,44,10
877,Águila harpía,Consumidor primario,Hormiga cortadora,Competencia,8,35,8
878,Rana venenosa,Consumidor terciario,Hormiga cortadora,Depredación,4,16,9
879,Águila harpía,Descomponedor,Mono araña,Descomposición,9,36,4
880,Tucán,Consumidor primario,Águila harpía,Descomposición,5,12,2
881,Tucán,Consumidor primario,Águila harpía,Descomposición,3,13,3
882,Mono araña,Productor,Anaconda,Depredación,4,30,6
883,Mono araña,Consumidor terciario,Termitas,Competencia,4,4,6
884,Hormiga cortadora,Consumidor terciario,Tucán,Depredación,3,31,5
885,Hormiga cortadora,Consumidor primario,Boa constrictor,Depredación,7,49,1
886,Termitas,Consumidor secundario,Termitas,Competencia,5,29,6
887,Jaguar,Productor,Termitas,Mutualismo,8,22,8
888,Jaguar,Productor,Rana venenosa,Competencia,4,9,8
889,Rana venenosa,Productor,Jaguar,Descomposición,2,12,6
890,Mono araña,Consumidor terciario,Boa constrictor,Mutualismo,3,23,8
891,Venado,Productor,Hormiga cortadora,Competencia,1,46,4
892,Tucán,Consumidor primario,Mono araña,Competencia,8,35,3
893,Rana venenosa,Consumidor terciario,Águila harpía,Competencia,2,11,6
894,Termitas,Consumidor terciario,Boa constrictor,Descomposición,10,42,4
895,Hormiga cortadora,Descomponedor,Mono araña,Descomposición,10,39,8
896,Termitas,Descomponedor,Venado,Mutualismo,9,25,4
897,Termitas,Productor,Venado,Depredación,5,46,3
898,Mono araña,Consumidor primario,Venado,Descomposición,10,47,10
899,Termitas,Productor,Venado,Herbivoría,6,6,4
900,Hormiga cortadora,Productor,Rana venenosa,Descomposición,7,50,10
901,Águila harpía,Consumidor secundario,Venado,Herbivoría,5,16,1
902,Boa constrictor,Consumidor terciario,Jaguar,Herbivoría,8,12,1
903,Anaconda,Productor,Hormiga cortadora,Depredación,2,44,9
904,Anaconda,Consumidor terciario,Jaguar,Depredación,4,40,10
905,Termitas,Productor,Águila harpía,Mutualismo,8,44,1
906,Jaguar,Descomponedor,Hormiga cortadora,Mutualismo,9,27,2
907,Termitas,Consumidor secundario,Venado,Mutualismo,9,12,5
908,Mono araña,Productor,Hormiga cortadora,Competencia,3,2,2
909,Anaconda,Consumidor terciario,Águila harpía,Mutualismo,8,41,10
910,Tucán,Consumidor primario,Termitas,Mutualismo,4,7,5
911,Hormiga cortadora,Descomponedor,Jaguar,Mutualismo,4,45,6
912,Anaconda,Consumidor primario,Boa constrictor,Mutualismo,1,17,3
913,Jaguar,Descomponedor,Anaconda,Mutualismo,3,22,1
914,Hormiga cortadora,Consumidor primario,Boa constrictor,Herbivoría,6,47,5
915,Jaguar,Productor,Termitas,Herbivoría,9,21,10
916,Venado,Consumidor primario,Boa constrictor,Herbivoría,8,29,1
917,Termitas,Consumidor secundario,Tucán,Competencia,8,36,5
918,Tucán,Descomponedor,Mono araña,Mutualismo,10,34,2
919,Boa constrictor,Consumidor terciario,Tucán,Herbivoría,1,37,8
920,Venado,Descomponedor,Rana venenosa,Depredación,10,18,4
921,Boa constrictor,Descomponedor,Termitas,Mutualismo,4,23,5
922,Termitas,Consumidor terciario,Jaguar,Mutualismo,4,37,2
923,Hormiga cortadora,Descomponedor,Águila harpía,Mutualismo,10,6,8
924,Boa constrictor,Consumidor primario,Rana venenosa,Depredación,5,1,6
925,Tucán,Consumidor primario,Boa constrictor,Herbivoría,6,32,1
926,Rana venenosa,Consumidor terciario,Termitas,Depredación,10,26,2
927,Hormiga cortadora,Consumidor terciario,Anaconda,Mutualismo,5,29,8
928,Tucán,Consumidor terciario,Jaguar,Competencia,2,19,2
929,Tucán,Consumidor secundario,Venado,Competencia,6,24,4
930,Venado,Consumidor primario,Boa constrictor,Mutualismo,5,34,6
931,Tucán,Descomponedor,Mono araña,Depredación,10,24,6
932,Tucán,Descomponedor,Águila harpía,Herbivoría,3,12,4
933,Hormiga cortadora,Productor,Hormiga cortadora,Herbivoría,7,22,8
934,Hormiga cortadora,Consumidor primario,Hormiga cortadora,Herbivoría,10,34,2
935,Tucán,Consumidor terciario,Hormiga cortadora,Herbivoría,7,13,1
936,Boa constrictor,Consumidor primario,Hormiga cortadora,Mutualismo,4,35,9
937,Rana venenosa,Consumidor primario,Boa constrictor,Herbivoría,2,22,10
938,Venado,Consumidor terciario,Rana venenosa,Descomposición,3,31,3
939,Boa constrictor,Descomponedor,Boa constrictor,Depredación,5,36,2
940,Águila harpía,Productor,Águila harpía,Competencia,1,2,10
941,Águila harpía,Productor,Venado,Descomposición,2,38,7
942,Boa constrictor,Consumidor primario,Águila harpía,Competencia,6,46,8
943,Boa constrictor,Consumidor terciario,Termitas,Competencia,3,40,8
944,Mono araña,Consumidor primario,Águila harpía,Mutualismo,4,15,4
945,Jaguar,Consumidor primario,Águila harpía,Herbivoría,1,23,2
946,Mono araña,Consumidor terciario,Jaguar,Descomposición,4,19,9
947,Boa constrictor,Descomponedor,Boa constrictor,Descomposición,5,24,2
948,Termitas,Descomponedor,Mono araña,Descomposición,1,13,6
949,Boa constrictor,Descomponedor,Termitas,Mutualismo,6,36,7
950,Venado,Descomponedor,Rana venenosa,Competencia,2,38,6
951,Tucán,Consumidor secundario,Termitas,Depredación,1,4,10
952,Venado,Consumidor primario,Boa constrictor,Descomposición,2,31,3
953,Águila harpía,Descomponedor,Hormiga cortadora,Herbivoría,1,44,2
954,Tucán,Consumidor primario,Águila harpía,Mutualismo,2,24,10
955,Termitas,Consumidor primario,Termitas,Mutualismo,9,22,8
956,Jaguar,Descomponedor,Hormiga cortadora,Competencia,5,14,1
957,Jaguar,Descomponedor,Hormiga cortadora,Competencia,2,10,8
958,Termitas,Consumidor secundario,Mono araña,Mutualismo,4,22,4
959,Jaguar,Descomponedor,Hormiga cortadora,Depredación,7,17,5
960,Águila harpía,Consumidor terciario,Venado,Depredación,5,50,2
961,Águila harpía,Descomponedor,Tucán,Depredación,9,1,3
962,Hormiga cortadora,Consumidor secundario,Tucán,Descomposición,7,19,7
963,Águila harpía,Descomponedor,Hormiga cortadora,Mutualismo,1,47,7
964,Boa constrictor,Consumidor terciario,Termitas,Depredación,7,41,2
965,Termitas,Descomponedor,Termitas,Depredación,10,13,1
966,Tucán,Descomponedor,Termitas,Mutualismo,6,10,3
967,Tucán,Consumidor secundario,Venado,Mutualismo,2,5,6
968,Águila harpía,Consumidor terciario,Rana venenosa,Herbivoría,3,38,10
969,Venado,Productor,Mono araña,Herbivoría,6,11,6
970,Mono araña,Consumidor terciario,Venado,Depredación,7,32,6
971,Anaconda,Descomponedor,Águila harpía,Herbivoría,7,34,8
972,Tucán,Consumidor primario,Águila harpía,Descomposición,1,19,10
973,Termitas,Consumidor secundario,Jaguar,Depredación,2,37,7
974,Águila harpía,Productor,Boa constrictor,Herbivoría,10,20,7
975,Boa constrictor,Consumidor primario,Anaconda,Descomposición,3,30,10
976,Rana venenosa,Consumidor primario,Boa constrictor,Herbivoría,9,21,4
977,Jaguar,Consumidor secundario,Boa constrictor,Herbivoría,6,22,6
978,Tucán,Consumidor primario,Boa constrictor,Herbivoría,10,23,1
979,Águila harpía,Productor,Hormiga cortadora,Descomposición,3,43,4
980,Anaconda,Consumidor secundario,Tucán,Herbivoría,3,30,5
981,Termitas,Consumidor primario,Rana venenosa,Competencia,6,31,2
982,Águila harpía,Consumidor terciario,Mono araña,Competencia,3,6,5
983,Hormiga cortadora,Consumidor terciario,Venado,Mutualismo,1,22,5
984,Águila harpía,Productor,Tucán,Mutualismo,1,42,7
985,Venado,Descomponedor,Termitas,Herbivoría,10,13,6
986,Anaconda,Consumidor primario,Venado,Herbivoría,7,10,6
987,Tucán,Consumidor secundario,Anaconda,Competencia,6,48,1
988,Jaguar,Consumidor primario,Hormiga cortadora,Competencia,10,1,8
989,Mono araña,Consumidor terciario,Rana venenosa,Descomposición,2,31,4
990,Rana venenosa,Consumidor terciario,Mono araña,Descomposición,9,5,9
991,Rana venenosa,Consumidor primario,Boa constrictor,Descomposición,8,5,3
992,Venado,Consumidor terciario,Águila harpía,Depredación,10,17,8
993,Anaconda,Productor,Venado,Descomposición,1,40,7
994,Jaguar,Consumidor terciario,Águila harpía,Mutualismo,6,37,8
995,Jaguar,Productor,Tucán,Competencia,3,26,7
996,Águila harpía,Productor,Mono araña,Descomposición,8,28,10
997,Rana venenosa,Descomponedor,Termitas,Depredación,3,5,8
998,Jaguar,Consumidor secundario,Anaconda,Depredación,4,5,10
999,Boa constrictor,Descomponedor,Termitas,Descomposición,8,25,7
1000,Venado,Descomponedor,Termitas,Herbivoría,4,20,8
1001,Jaguar,Descomponedor,Hormiga cortadora,Descomposición,3,17,5
1002,Hormiga cortadora,Productor,Tucán,Descomposición,5,35,2
1003,Boa constrictor,Consumidor primario,Águila harpía,Mutualismo,4,7,7
1004,Anaconda,Productor,Anaconda,Depredación,2,38,10
1005,Rana venenosa,Consumidor secundario,Jaguar,Herbivoría,1,22,7
1006,Anaconda,Consumidor terciario,Jaguar,Mutualismo,4,40,2
1007,Jaguar,Consumidor primario,Boa constrictor,Depredación,3,47,4
1008,Boa constrictor,Consumidor primario,Jaguar,Depredación,6,29,10
1009,Jaguar,Consumidor secundario,Venado,Depredación,6,25,9
1010,Mono araña,Productor,Hormiga cortadora,Competencia,7,31,3
1011,Mono araña,Consumidor terciario,Anaconda,Descomposición,7,46,1
1012,Hormiga cortadora,Consumidor secundario,Tucán,Herbivoría,2,40,1
1013,Termitas,Consumidor secundario,Mono araña,Descomposición,8,44,9
1014,Termitas,Consumidor primario,Jaguar,Descomposición,1,13,4
1015,Hormiga cortadora,Consumidor secundario,Águila harpía,Descomposición,1,22,8
1016,Mono araña,Descomponedor,Tucán,Depredación,4,42,1
1017,Rana venenosa,Descomponedor,Anaconda,Herbivoría,7,43,2
1018,Termitas,Descomponedor,Venado,Depredación,8,44,3
1019,Hormiga cortadora,Consumidor terciario,Águila harpía,Depredación,7,39,6
1020,Mono araña,Consumidor secundario,Águila harpía,Descomposición,6,34,8
1021,Termitas,Consumidor terciario,Anaconda,Depredación,4,3,1
1022,Rana venenosa,Consumidor primario,Tucán,Herbivoría,10,27,10
1023,Hormiga cortadora,Consumidor secundario,Jaguar,Depredación,1,17,8
1024,Tucán,Descomponedor,Mono araña,Mutualismo,7,43,5
1025,Tucán,Descomponedor,Mono araña,Herbivoría,4,22,1
1026,Águila harpía,Descomponedor,Mono araña,Competencia,1,14,2
1027,Mono araña,Consumidor secundario,Boa constrictor,Descomposición,1,4,2
1028,Rana venenosa,Consumidor terciario,Anaconda,Competencia,3,42,1
1029,Tucán,Productor,Águila harpía,Mutualismo,1,39,3
1030,Hormiga cortadora,Productor,Jaguar,Mutualismo,1,46,4
1031,Boa constrictor,Productor,Termitas,Mutualismo,4,40,6
1032,Venado,Consumidor terciario,Rana venenosa,Competencia,9,4,7
1033,Boa constrictor,Consumidor terciario,Tucán,Herbivoría,4,10,4
1034,Boa constrictor,Descomponedor,Mono araña,Herbivoría,8,12,5
1035,Jaguar,Consumidor terciario,Rana venenosa,Mutualismo,10,41,1
1036,Anaconda,Descomponedor,Jaguar,Herbivoría,2,21,5
1037,Termitas,Productor,Mono araña,Mutualismo,7,20,8
1038,Tucán,Consumidor secundario,Boa constrictor,Descomposición,3,19,3
1039,Mono araña,Consumidor primario,Rana venenosa,Depredación,8,25,9
1040,Águila harpía,Productor,Águila harpía,Descomposición,1,9,5
1041,Hormiga cortadora,Consumidor terciario,Hormiga cortadora,Descomposición,3,24,2
1042,Águila harpía,Productor,Boa constrictor,Competencia,5,49,10
1043,Tucán,Consumidor terciario,Águila harpía,Descomposición,7,39,3
1044,Termitas,Consumidor primario,Boa constrictor,Competencia,6,23,7
1045,Tucán,Consumidor secundario,Anaconda,Descomposición,5,4,9
1046,Boa constrictor,Productor,Águila harpía,Mutualismo,10,48,3
1047,Mono araña,Descomponedor,Rana venenosa,Competencia,1,33,6
1048,Hormiga cortadora,Productor,Anaconda,Herbivoría,7,38,3
1049,Boa constrictor,Consumidor primario,Termitas,Descomposición,7,10,10
1050,Hormiga cortadora,Consumidor terciario,Hormiga cortadora,Herbivoría,2,25,5
1051,Boa constrictor,Descomponedor,Rana venenosa,Depredación,2,22,4
1052,Termitas,Productor,Tucán,Competencia,2,13,10
1053,Anaconda,Productor,Jaguar,Depredación,8,40,2
1054,Tucán,Productor,Águila harpía,Competencia,3,18,8
1055,Hormiga cortadora,Consumidor primario,Rana venenosa,Herbivoría,6,7,6
1056,Rana venenosa,Productor,Anaconda,Herbivoría,8,1,7
1057,Jaguar,Productor,Tucán,Descomposición,9,31,3
1058,Hormiga cortadora,Productor,Venado,Herbivoría,1,16,5
1059,Águila harpía,Consumidor terciario,Hormiga cortadora,Herbivoría,4,27,5
1060,Termitas,Productor,Boa constrictor,Descomposición,8,35,3
1061,Tucán,Consumidor primario,Jaguar,Descomposición,5,41,6
1062,Hormiga cortadora,Consumidor primario,Anaconda,Mutualismo,2,42,8
1063,Boa constrictor,Consumidor secundario,Anaconda,Herbivoría,3,33,5
1064,Águila harpía,Descomponedor,Venado,Descomposición,1,29,9
1065,Rana venenosa,Consumidor terciario,Tucán,Herbivoría,9,18,10
1066,Anaconda,Consumidor terciario,Rana venenosa,Herbivoría,6,6,10
1067,Jaguar,Consumidor primario,Termitas,Competencia,1,4,2
1068,Jaguar,Descomponedor,Boa constrictor,Herbivoría,5,39,5
1069,Boa constrictor,Productor,Boa constrictor,Competencia,9,16,4
1070,Rana venenosa,Descomponedor,Anaconda,Competencia,5,25,7
1071,Tucán,Consumidor primario,Termitas,Descomposición,1,29,5
1072,Boa constrictor,Consumidor primario,Venado,Herbivoría,1,7,7
1073,Hormiga cortadora,Consumidor terciario,Mono araña,Mutualismo,3,21,6
1074,Águila harpía,Consumidor primario,Tucán,Depredación,6,42,9
1075,Hormiga cortadora,Consumidor secundario,Jaguar,Descomposición,2,33,6
1076,Hormiga cortadora,Productor,Hormiga cortadora,Depredación,3,47,5
1077,Boa constrictor,Consumidor secundario,Hormiga cortadora,Depredación,9,40,9
1078,Tucán,Descomponedor,Mono araña,Depredación,1,40,3
1079,Tucán,Consumidor secundario,Venado,Competencia,2,9,2
1080,Águila harpía,Descomponedor,Hormiga cortadora,Depredación,9,8,2
1081,Boa constrictor,Consumidor secundario,Tucán,Descomposición,3,34,9
1082,Rana venenosa,Consumidor terciario,Águila harpía,Mutualismo,3,27,8
1083,Anaconda,Productor,Rana venenosa,Depredación,8,14,10
1084,Rana venenosa,Consumidor terciario,Venado,Depredación,2,50,5
1085,Venado,Consumidor terciario,Mono araña,Depredación,9,43,8
1086,Jaguar,Descomponedor,Rana venenosa,Competencia,8,34,7
1087,Jaguar,Descomponedor,Termitas,Depredación,4,15,2
1088,Hormiga cortadora,Consumidor primario,Termitas,Descomposición,1,43,3
1089,Venado,Productor,Boa constrictor,Depredación,2,4,1
1090,Termitas,Consumidor terciario,Rana venenosa,Herbivoría,4,45,8
1091,Mono araña,Productor,Venado,Descomposición,3,49,10
1092,Jaguar,Consumidor secundario,Águila harpía,Competencia,4,43,10
1093,Hormiga cortadora,Consumidor primario,Anaconda,Descomposición,7,7,8
1094,Tucán,Descomponedor,Hormiga cortadora,Depredación,1,28,2
1095,Boa constrictor,Consumidor terciario,Boa constrictor,Descomposición,7,15,9
1096,Termitas,Descomponedor,Tucán,Mutualismo,3,6,8
1097,Boa constrictor,Descomponedor,Mono araña,Depredación,8,39,8
1098,Termitas,Consumidor secundario,Águila harpía,Descomposición,5,30,8
1099,Tucán,Consumidor secundario,Venado,Mutualismo,5,41,7
1100,Jaguar,Consumidor secundario,Termitas,Depredación,5,47,5
1101,Anaconda,Consumidor terciario,Boa constrictor,Mutualismo,5,3,5
1102,Jaguar,Consumidor primario,Tucán,Herbivoría,10,4,6
1103,Anaconda,Consumidor primario,Jaguar,Herbivoría,5,40,5
1104,Anaconda,Consumidor primario,Águila harpía,Depredación,3,16,3
1105,Tucán,Descomponedor,Mono araña,Competencia,5,4,3
1106,Termitas,Consumidor primario,Hormiga cortadora,Herbivoría,8,28,3
1107,Mono araña,Consumidor primario,Anaconda,Herbivoría,9,15,8
1108,Rana venenosa,Consumidor primario,Anaconda,Mutualismo,5,30,8
1109,Venado,Consumidor terciario,Jaguar,Competencia,6,14,9
1110,Águila harpía,Descomponedor,Tucán,Competencia,4,18,8
1111,Hormiga cortadora,Consumidor terciario,Águila harpía,Depredación,7,33,9
1112,Anaconda,Descomponedor,Boa constrictor,Descomposición,2,14,10
1113,Hormiga cortadora,Consumidor primario,Hormiga cortadora,Descomposición,10,45,9
1114,Mono araña,Productor,Tucán,Depredación,9,21,8
1115,Termitas,Descomponedor,Tucán,Descomposición,5,21,7
1116,Termitas,Descomponedor,Tucán,Descomposición,7,16,4
1117,Tucán,Consumidor terciario,Tucán,Herbivoría,4,50,9
1118,Venado,Consumidor primario,Jaguar,Mutualismo,9,6,4
1119,Tucán,Descomponedor,Boa constrictor,Depredación,3,28,4
1120,Mono araña,Productor,Anaconda,Competencia,1,45,4
1121,Anaconda,Consumidor primario,Rana venenosa,Competencia,6,35,5
1122,Jaguar,Productor,Jaguar,Depredación,8,9,7
1123,Mono araña,Consumidor terciario,Mono araña,Depredación,6,44,8
1124,Águila harpía,Consumidor primario,Anaconda,Competencia,4,48,2
1125,Venado,Consumidor secundario,Anaconda,Competencia,7,21,5
1126,Hormiga cortadora,Descomponedor,Rana venenosa,Herbivoría,2,38,3
1127,Boa constrictor,Descomponedor,Águila harpía,Depredación,6,42,2
1128,Rana venenosa,Consumidor terciario,Termitas,Competencia,5,32,8
1129,Anaconda,Consumidor secundario,Águila harpía,Herbivoría,1,40,4
1130,Hormiga cortadora,Descomponedor,Venado,Depredación,6,35,3
1131,Mono araña,Consumidor terciario,Anaconda,Depredación,9,43,8
1132,Hormiga cortadora,Consumidor primario,Jaguar,Descomposición,3,40,10
1133,Termitas,Consumidor primario,Boa constrictor,Descomposición,5,31,6
1134,Termitas,Productor,Rana venenosa,Competencia,9,19,7
1135,Hormiga cortadora,Consumidor secundario,Anaconda,Depredación,3,47,3
1136,Águila harpía,Productor,Jaguar,Mutualismo,10,25,7
1137,Águila harpía,Consumidor primario,Águila harpía,Depredación,3,18,9
1138,Hormiga cortadora,Descomponedor,Venado,Mutualismo,10,31,7
1139,Rana venenosa,Consumidor secundario,Rana venenosa,Depredación,6,48,8
1140,Boa constrictor,Consumidor primario,Venado,Herbivoría,10,23,5
1141,Rana venenosa,Consumidor secundario,Venado,Mutualismo,7,40,3
1142,Jaguar,Descomponedor,Boa constrictor,Mutualismo,4,41,3
1143,Tucán,Consumidor terciario,Boa constrictor,Mutualismo,8,35,1
1144,Boa constrictor,Descomponedor,Mono araña,Competencia,3,44,1
1145,Jaguar,Consumidor primario,Rana venenosa,Descomposición,6,34,2
1146,Rana venenosa,Descomponedor,Termitas,Depredación,5,9,7
1147,Jaguar,Consumidor secundario,Anaconda,Depredación,2,46,2
1148,Águila harpía,Consumidor primario,Boa constrictor,Competencia,2,47,6
1149,Anaconda,Consumidor primario,Tucán,Mutualismo,2,42,7
1150,Termitas,Consumidor terciario,Anaconda,Competencia,8,6,1
1151,Anaconda,Consumidor primario,Anaconda,Descomposición,1,21,8
1152,Tucán,Productor,Termitas,Descomposición,1,13,6
1153,Jaguar,Productor,Águila harpía,Herbivoría,1,32,3
1154,Tucán,Descomponedor,Hormiga cortadora,Mutualismo,5,39,3
1155,Anaconda,Descomponedor,Boa constrictor,Depredación,6,32,5
1156,Águila harpía,Consumidor secundario,Mono araña,Herbivoría,9,9,1
1157,Termitas,Consumidor secundario,Venado,Depredación,5,37,4
1158,Boa constrictor,Descomponedor,Rana venenosa,Descomposición,3,41,6
1159,Boa constrictor,Consumidor primario,Venado,Descomposición,7,33,5
1160,Jaguar,Consumidor secundario,Águila harpía,Competencia,9,19,9
1161,Mono araña,Consumidor primario,Venado,Mutualismo,9,12,7
1162,Mono araña,Productor,Anaconda,Mutualismo,2,19,7
1163,Tucán,Consumidor terciario,Rana venenosa,Depredación,7,16,10
1164,Anaconda,Consumidor primario,Jaguar,Mutualismo,7,22,7
1165,Termitas,Consumidor secundario,Jaguar,Mutualismo,3,23,2
1166,Termitas,Descomponedor,Venado,Herbivoría,9,31,1
1167,Rana venenosa,Productor,Termitas,Depredación,4,10,4
1168,Mono araña,Productor,Jaguar,Competencia,8,33,6
1169,Anaconda,Consumidor primario,Rana venenosa,Herbivoría,5,33,2
1170,Hormiga cortadora,Productor,Tucán,Mutualismo,1,33,8
1171,Hormiga cortadora,Descomponedor,Águila harpía,Herbivoría,9,13,8
1172,Venado,Consumidor terciario,Rana venenosa,Mutualismo,9,48,4
1173,Jaguar,Productor,Venado,Competencia,4,2,8
1174,Anaconda,Productor,Anaconda,Herbivoría,2,3,7
1175,Jaguar,Consumidor terciario,Boa constrictor,Herbivoría,10,30,10
1176,Jaguar,Descomponedor,Jaguar,Mutualismo,9,33,2
1177,Mono araña,Descomponedor,Hormiga cortadora,Descomposición,10,22,4
1178,Tucán,Consumidor primario,Anaconda,Herbivoría,10,11,5
1179,Venado,Consumidor primario,Águila harpía,Herbivoría,2,2,2
1180,Termitas,Consumidor secundario,Tucán,Herbivoría,10,19,6
1181,Águila harpía,Descomponedor,Boa constrictor,Depredación,10,34,2
1182,Rana venenosa,Consumidor secundario,Mono araña,Mutualismo,10,46,8
1183,Venado,Consumidor primario,Águila harpía,Mutualismo,2,24,9
1184,Anaconda,Descomponedor,Rana venenosa,Mutualismo,6,29,7
1185,Hormiga cortadora,Consumidor secundario,Hormiga cortadora,Competencia,2,6,6
1186,Tucán,Consumidor primario,Rana venenosa,Descomposición,10,21,1
1187,Venado,Consumidor secundario,Tucán,Competencia,4,40,6
1188,Anaconda,Consumidor terciario,Tucán,Mutualismo,8,21,9
1189,Venado,Consumidor terciario,Termitas,Mutualismo,4,14,2
1190,Boa constrictor,Productor,Águila harpía,Competencia,8,13,5
1191,Águila harpía,Consumidor secundario,Jaguar,Mutualismo,4,7,10
1192,Boa constrictor,Consumidor secundario,Anaconda,Mutualismo,6,9,2
1193,Tucán,Consumidor primario,Jaguar,Competencia,9,31,8
1194,Mono araña,Consumidor primario,Hormiga cortadora,Depredación,5,43,8
1195,Águila harpía,Descomponedor,Águila harpía,Herbivoría,7,8,4
1196,Hormiga cortadora,Consumidor terciario,Tucán,Mutualismo,7,5,8
1197,Termitas,Consumidor terciario,Águila harpía,Mutualismo,9,50,1
1198,Boa constrictor,Consumidor secundario,Tucán,Herbivoría,2,42,2
1199,Mono araña,Consumidor primario,Termitas,Mutualismo,1,2,8
1200,Termitas,Descomponedor,Mono araña,Herbivoría,4,46,9
1201,Jaguar,Consumidor primario,Jaguar,Competencia,1,36,1
1202,Termitas,Consumidor terciario,Mono araña,Descomposición,8,4,10
1203,Venado,Productor,Águila harpía,Descomposición,3,20,3
1204,Hormiga cortadora,Descomponedor,Boa constrictor,Herbivoría,7,45,2
1205,Anaconda,Consumidor secundario,Mono araña,Mutualismo,2,7,5
1206,Mono araña,Descomponedor,Hormiga cortadora,Depredación,7,44,10
1207,Venado,Consumidor primario,Anaconda,Mutualismo,10,33,10
1208,Anaconda,Consumidor terciario,Venado,Herbivoría,2,12,8
1209,Termitas,Descomponedor,Mono araña,Mutualismo,10,15,5
1210,Jaguar,Consumidor secundario,Anaconda,Herbivoría,7,43,4
1211,Hormiga cortadora,Productor,Venado,Competencia,5,14,6
1212,Venado,Consumidor primario,Anaconda,Depredación,5,39,6
1213,Hormiga cortadora,Consumidor terciario,Águila harpía,Descomposición,8,32,2
1214,Mono araña,Consumidor secundario,Venado,Mutualismo,10,31,7
1215,Jaguar,Productor,Hormiga cortadora,Depredación,7,48,7
1216,Anaconda,Consumidor primario,Tucán,Depredación,1,45,9
1217,Mono araña,Productor,Hormiga cortadora,Mutualismo,9,8,5
1218,Tucán,Consumidor secundario,Termitas,Depredación,4,47,10
1219,Venado,Descomponedor,Tucán,Descomposición,1,12,1
1220,Águila harpía,Productor,Jaguar,Herbivoría,6,34,7
1221,Jaguar,Consumidor primario,Tucán,Herbivoría,6,6,5
1222,Mono araña,Consumidor terciario,Termitas,Depredación,9,35,8
1223,Tucán,Consumidor terciario,Águila harpía,Competencia,4,24,4
1224,Tucán,Descomponedor,Venado,Herbivoría,1,40,4
1225,Mono araña,Consumidor primario,Jaguar,Descomposición,10,31,5
1226,Tucán,Productor,Venado,Mutualismo,6,36,6
1227,Jaguar,Consumidor secundario,Boa constrictor,Herbivoría,4,25,1
1228,Boa constrictor,Consumidor terciario,Rana venenosa,Depredación,10,48,9
1229,Jaguar,Consumidor terciario,Águila harpía,Mutualismo,9,28,2
1230,Boa constrictor,Consumidor secundario,Mono araña,Descomposición,7,39,2
1231,Termitas,Consumidor primario,Jaguar,Competencia,10,1,7
1232,Tucán,Consumidor terciario,Venado,Mutualismo,9,27,7
1233,Rana venenosa,Productor,Boa constrictor,Competencia,10,29,8
1234,Mono araña,Productor,Jaguar,Herbivoría,3,8,8
1235,Jaguar,Consumidor secundario,Águila harpía,Descomposición,7,46,3
1236,Águila harpía,Productor,Águila harpía,Mutualismo,2,20,6
1237,Anaconda,Consumidor secundario,Águila harpía,Descomposición,10,29,1
1238,Mono araña,Consumidor primario,Jaguar,Descomposición,1,5,8
1239,Tucán,Consumidor primario,Termitas,Herbivoría,7,44,9
1240,Rana venenosa,Consumidor terciario,Tucán,Competencia,8,15,7
1241,Jaguar,Descomponedor,Jaguar,Mutualismo,6,6,2
1242,Anaconda,Consumidor primario,Águila harpía,Competencia,5,18,6
1243,Rana venenosa,Descomponedor,Boa constrictor,Descomposición,9,8,10
1244,Boa constrictor,Productor,Anaconda,Herbivoría,3,40,2
1245,Termitas,Descomponedor,Termitas,Mutualismo,10,20,9
1246,Boa constrictor,Productor,Hormiga cortadora,Depredación,4,28,10
1247,Venado,Descomponedor,Anaconda,Mutualismo,9,46,1
1248,Jaguar,Consumidor primario,Termitas,Depredación,3,38,5
1249,Venado,Consumidor primario,Hormiga cortadora,Descomposición,3,35,10
1250,Jaguar,Consumidor primario,Termitas,Herbivoría,4,35,1
1251,Boa constrictor,Consumidor secundario,Mono araña,Herbivoría,9,34,9
1252,Anaconda,Consumidor secundario,Rana venenosa,Competencia,6,40,2
1253,Tucán,Consumidor primario,Mono araña,Competencia,9,45,6
1254,Rana venenosa,Consumidor primario,Anaconda,Herbivoría,9,11,2
1255,Anaconda,Productor,Rana venenosa,Descomposición,2,13,6
1256,Venado,Consumidor secundario,Hormiga cortadora,Herbivoría,10,30,2
1257,Rana venenosa,Productor,Venado,Mutualismo,2,21,1
1258,Mono araña,Descomponedor,Águila harpía,Descomposición,9,24,5
1259,Termitas,Consumidor primario,Jaguar,Competencia,9,31,9
1260,Anaconda,Consumidor primario,Mono araña,Descomposición,10,17,4
1261,Mono araña,Consumidor terciario,Rana venenosa,Depredación,9,18,1
1262,Águila harpía,Productor,Águila harpía,Descomposición,3,40,2
1263,Boa constrictor,Consumidor terciario,Águila harpía,Descomposición,10,24,5
1264,Anaconda,Descomponedor,Rana venenosa,Competencia,4,47,3
1265,Rana venenosa,Consumidor terciario,Jaguar,Mutualismo,10,34,2
1266,Termitas,Consumidor terciario,Venado,Depredación,7,44,7
1267,Hormiga cortadora,Consumidor primario,Tucán,Depredación,1,6,2
1268,Termitas,Productor,Jaguar,Depredación,10,41,6
1269,Águila harpía,Descomponedor,Anaconda,Depredación,2,24,5
1270,Mono araña,Productor,Jaguar,Descomposición,10,5,10
1271,Boa constrictor,Consumidor primario,Boa constrictor,Herbivoría,8,32,5
1272,Rana venenosa,Productor,Jaguar,Competencia,8,29,4
1273,Mono araña,Consumidor terciario,Rana venenosa,Mutualismo,1,12,5
1274,Boa constrictor,Productor,Termitas,Herbivoría,7,8,3
1275,Hormiga cortadora,Productor,Hormiga cortadora,Competencia,7,29,6
1276,Boa constrictor,Consumidor primario,Termitas,Depredación,3,18,4
1277,Boa constrictor,Consumidor primario,Boa constrictor,Mutualismo,5,42,5
1278,Anaconda,Productor,Venado,Descomposición,4,5,6
1279,Tucán,Consumidor secundario,Hormiga cortadora,Competencia,9,50,2
1280,Mono araña,Consumidor primario,Boa constrictor,Descomposición,7,13,9
1281,Mono araña,Productor,Águila harpía,Depredación,5,26,4
1282,Anaconda,Consumidor primario,Mono araña,Herbivoría,4,12,7
1283,Rana venenosa,Consumidor primario,Hormiga cortadora,Descomposición,1,49,5
1284,Mono araña,Consumidor terciario,Mono araña,Mutualismo,10,20,4
1285,Hormiga cortadora,Consumidor secundario,Anaconda,Descomposición,10,14,5
1286,Hormiga cortadora,Productor,Tucán,Depredación,9,7,6
1287,Rana venenosa,Descomponedor,Hormiga cortadora,Mutualismo,4,18,10
1288,Águila harpía,Productor,Rana venenosa,Descomposición,6,26,1
1289,Mono araña,Consumidor primario,Hormiga cortadora,Depredación,2,48,3
1290,Boa constrictor,Consumidor primario,Tucán,Depredación,3,10,7
1291,Boa constrictor,Descomponedor,Hormiga cortadora,Depredación,9,4,1
1292,Jaguar,Productor,Águila harpía,Competencia,3,13,7
1293,Mono araña,Consumidor secundario,Mono araña,Descomposición,6,10,2
1294,Jaguar,Consumidor primario,Mono araña,Depredación,7,9,4
1295,Venado,Consumidor primario,Termitas,Competencia,6,21,7
1296,Anaconda,Consumidor secundario,Águila harpía,Depredación,4,49,6
1297,Termitas,Productor,Venado,Herbivoría,4,3,8
1298,Rana venenosa,Productor,Anaconda,Herbivoría,1,39,7
1299,Anaconda,Consumidor primario,Termitas,Depredación,10,32,9
1300,Termitas,Consumidor primario,Hormiga cortadora,Competencia,3,49,6
1301,Termitas,Consumidor terciario,Jaguar,Competencia,2,8,9
1302,Tucán,Productor,Águila harpía,Competencia,2,36,8
1303,Boa constrictor,Productor,Tucán,Descomposición,1,5,10
1304,Hormiga cortadora,Descomponedor,Hormiga cortadora,Mutualismo,2,11,6
1305,Hormiga cortadora,Consumidor secundario,Rana venenosa,Competencia,6,12,3
1306,Anaconda,Consumidor terciario,Tucán,Descomposición,10,30,1
1307,Venado,Consumidor primario,Termitas,Herbivoría,3,33,1
1308,Anaconda,Consumidor primario,Tucán,Mutualismo,1,38,6
1309,Hormiga cortadora,Consumidor secundario,Águila harpía,Herbivoría,2,49,5
1310,Jaguar,Descomponedor,Venado,Descomposición,8,50,10
1311,Anaconda,Consumidor terciario,Mono araña,Competencia,10,38,4
1312,Mono araña,Consumidor primario,Mono araña,Mutualismo,2,8,1
1313,Anaconda,Consumidor primario,Anaconda,Mutualismo,5,43,10
1314,Termitas,Consumidor terciario,Jaguar,Descomposición,5,47,7
1315,Hormiga cortadora,Consumidor secundario,Hormiga cortadora,Competencia,5,6,8
1316,Rana venenosa,Consumidor primario,Boa constrictor,Competencia,2,15,9
1317,Boa constrictor,Productor,Boa constrictor,Descomposición,3,11,3
1318,Águila harpía,Consumidor terciario,Jaguar,Mutualismo,10,38,5
1319,Jaguar,Consumidor terciario,Jaguar,Descomposición,4,25,1
1320,Mono araña,Consumidor secundario,Rana venenosa,Competencia,5,7,1
1321,Hormiga cortadora,Consumidor secundario,Termitas,Competencia,8,36,5
1322,Anaconda,Productor,Rana venenosa,Herbivoría,7,38,3
1323,Hormiga cortadora,Productor,Águila harpía,Descomposición,6,47,2
1324,Termitas,Productor,Hormiga cortadora,Herbivoría,2,7,6
1325,Jaguar,Descomponedor,Mono araña,Descomposición,9,28,8
1326,Jaguar,Consumidor secundario,Hormiga cortadora,Depredación,3,5,9
1327,Termitas,Consumidor secundario,Tucán,Descomposición,7,5,10
1328,Mono araña,Consumidor primario,Anaconda,Competencia,8,43,7
1329,Jaguar,Consumidor terciario,Tucán,Descomposición,1,12,6
1330,Termitas,Productor,Mono araña,Mutualismo,2,49,2
1331,Jaguar,Descomponedor,Venado,Herbivoría,3,38,1
1332,Hormiga cortadora,Consumidor terciario,Boa constrictor,Depredación,6,20,10
1333,Termitas,Consumidor primario,Tucán,Competencia,2,43,3
1334,Anaconda,Consumidor primario,Anaconda,Mutualismo,7,49,1
1335,Tucán,Consumidor primario,Venado,Depredación,10,21,4
1336,Hormiga cortadora,Descomponedor,Mono araña,Depredación,4,31,4
1337,Rana venenosa,Descomponedor,Anaconda,Depredación,3,45,1
1338,Boa constrictor,Productor,Hormiga cortadora,Mutualismo,1,45,2
1339,Águila harpía,Productor,Tucán,Depredación,1,25,3
1340,Mono araña,Descomponedor,Termitas,Mutualismo,3,5,1
1341,Mono araña,Consumidor terciario,Rana venenosa,Herbivoría,9,14,1
1342,Jaguar,Consumidor terciario,Hormiga cortadora,Competencia,2,23,4
1343,Mono araña,Consumidor terciario,Mono araña,Depredación,2,3,4
1344,Boa constrictor,Descomponedor,Venado,Depredación,3,11,3
1345,Águila harpía,Descomponedor,Águila harpía,Descomposición,6,15,3
1346,Rana venenosa,Productor,Águila harpía,Depredación,10,21,2
1347,Termitas,Consumidor terciario,Mono araña,Mutualismo,4,24,4
1348,Rana venenosa,Consumidor primario,Jaguar,Herbivoría,8,19,9
1349,Termitas,Consumidor primario,Anaconda,Mutualismo,2,46,6
1350,Tucán,Consumidor secundario,Venado,Mutualismo,8,42,4
1351,Anaconda,Consumidor terciario,Águila harpía,Competencia,2,47,2
1352,Jaguar,Consumidor primario,Rana venenosa,Herbivoría,4,26,2
1353,Jaguar,Productor,Anaconda,Descomposición,8,18,3
1354,Termitas,Productor,Águila harpía,Descomposición,6,22,8
1355,Boa constrictor,Consumidor secundario,Jaguar,Depredación,5,46,7
1356,Jaguar,Consumidor primario,Boa constrictor,Competencia,4,27,6
1357,Termitas,Consumidor terciario,Venado,Descomposición,4,32,10
1358,Boa constrictor,Productor,Mono araña,Depredación,1,8,6
1359,Termitas,Consumidor terciario,Anaconda,Competencia,10,31,2
1360,Termitas,Consumidor terciario,Rana venenosa,Herbivoría,2,24,9
1361,Anaconda,Productor,Águila harpía,Depredación,10,37,8
1362,Tucán,Consumidor primario,Anaconda,Descomposición,6,3,5
1363,Águila harpía,Productor,Mono araña,Herbivoría,3,35,9
1364,Mono araña,Consumidor primario,Boa constrictor,Mutualismo,4,42,7
1365,Águila harpía,Descomponedor,Mono araña,Competencia,8,10,4
1366,Hormiga cortadora,Consumidor secundario,Anaconda,Descomposición,2,38,4
1367,Rana venenosa,Descomponedor,Anaconda,Depredación,4,31,1
1368,Jaguar,Productor,Boa constrictor,Mutualismo,5,5,9
1369,Venado,Descomponedor,Mono araña,Mutualismo,6,14,7
1370,Termitas,Descomponedor,Rana venenosa,Descomposición,1,26,5
1371,Termitas,Consumidor terciario,Rana venenosa,Mutualismo,3,28,5
1372,Rana venenosa,Descomponedor,Mono araña,Descomposición,3,48,10
1373,Boa constrictor,Productor,Águila harpía,Depredación,10,13,9
1374,Termitas,Productor,Rana venenosa,Mutualismo,5,14,1
1375,Jaguar,Productor,Venado,Descomposición,8,31,4
1376,Hormiga cortadora,Consumidor terciario,Rana venenosa,Competencia,6,28,3
1377,Rana venenosa,Descomponedor,Tucán,Herbivoría,6,29,7
1378,Venado,Consumidor terciario,Anaconda,Competencia,7,15,1
1379,Águila harpía,Consumidor secundario,Termitas,Mutualismo,9,33,9
1380,Jaguar,Consumidor primario,Termitas,Herbivoría,7,40,7
1381,Termitas,Productor,Venado,Depredación,1,25,2
1382,Mono araña,Productor,Tucán,Depredación,7,5,8
1383,Boa constrictor,Consumidor primario,Hormiga cortadora,Mutualismo,8,46,7
1384,Hormiga cortadora,Consumidor secundario,Hormiga cortadora,Descomposición,9,46,1
1385,Venado,Consumidor terciario,Boa constrictor,Mutualismo,2,31,2
1386,Hormiga cortadora,Consumidor secundario,Venado,Herbivoría,3,38,9
1387,Jaguar,Consumidor terciario,Hormiga cortadora,Descomposición,2,4,2
1388,Hormiga cortadora,Consumidor primario,Termitas,Competencia,1,9,4
1389,Rana venenosa,Productor,Rana venenosa,Herbivoría,5,32,8
1390,Termitas,Consumidor primario,Rana venenosa,Descomposición,8,8,9
1391,Mono araña,Descomponedor,Venado,Descomposición,2,35,10
1392,Tucán,Descomponedor,Boa constrictor,Descomposición,9,41,3
1393,Boa constrictor,Consumidor terciario,Hormiga cortadora,Herbivoría,9,15,1
1394,Termitas,Consumidor secundario,Rana venenosa,Depredación,1,11,6
1395,Boa constrictor,Descomponedor,Mono araña,Competencia,3,33,3
1396,Termitas,Descomponedor,Venado,Descomposición,9,40,2
1397,Mono araña,Productor,Hormiga cortadora,Depredación,8,32,9
1398,Mono araña,Consumidor primario,Águila harpía,Descomposición,3,36,1
1399,Mono araña,Productor,Anaconda,Descomposición,7,32,7
1400,Águila harpía,Descomponedor,Mono araña,Descomposición,9,16,7
1401,Rana venenosa,Descomponedor,Anaconda,Mutualismo,2,32,1
1402,Águila harpía,Descomponedor,Mono araña,Herbivoría,10,19,2
1403,Rana venenosa,Consumidor primario,Termitas,Herbivoría,1,37,6
1404,Hormiga cortadora,Consumidor primario,Águila harpía,Descomposición,2,22,3
1405,Águila harpía,Consumidor secundario,Termitas,Descomposición,2,41,6
1406,Anaconda,Productor,Jaguar,Depredación,5,4,1
1407,Boa constrictor,Productor,Boa constrictor,Competencia,10,38,7
1408,Rana venenosa,Productor,Jaguar,Depredación,5,26,7
1409,Mono araña,Consumidor primario,Tucán,Mutualismo,5,37,1
1410,Tucán,Consumidor secundario,Rana venenosa,Competencia,4,33,1
1411,Anaconda,Consumidor terciario,Tucán,Herbivoría,2,24,6
1412,Boa constrictor,Consumidor secundario,Jaguar,Descomposición,1,40,2
1413,Jaguar,Consumidor terciario,Anaconda,Depredación,6,26,6
1414,Termitas,Consumidor primario,Boa constrictor,Depredación,8,7,9
1415,Mono araña,Consumidor primario,Rana venenosa,Descomposición,3,42,4
1416,Jaguar,Consumidor secundario,Venado,Competencia,10,11,9
1417,Venado,Descomponedor,Termitas,Depredación,5,32,4
1418,Rana venenosa,Consumidor terciario,Boa constrictor,Mutualismo,2,30,3
1419,Águila harpía,Descomponedor,Boa constrictor,Depredación,1,41,9
1420,Termitas,Consumidor primario,Mono araña,Mutualismo,3,44,9
1421,Venado,Consumidor secundario,Venado,Competencia,9,7,3
1422,Rana venenosa,Consumidor terciario,Anaconda,Herbivoría,6,5,6
1423,Hormiga cortadora,Consumidor terciario,Termitas,Depredación,9,49,5
1424,Termitas,Productor,Tucán,Herbivoría,4,40,8
1425,Termitas,Descomponedor,Boa constrictor,Competencia,4,39,1
1426,Águila harpía,Consumidor primario,Jaguar,Mutualismo,6,9,10
1427,Hormiga cortadora,Consumidor primario,Anaconda,Herbivoría,2,34,6
1428,Jaguar,Consumidor terciario,Rana venenosa,Herbivoría,4,50,9
1429,Boa constrictor,Descomponedor,Mono araña,Competencia,9,22,3
1430,Hormiga cortadora,Consumidor primario,Boa constrictor,Herbivoría,4,45,4
1431,Tucán,Productor,Hormiga cortadora,Competencia,6,10,8
1432,Hormiga cortadora,Consumidor secundario,Termitas,Depredación,5,18,9
1433,Boa constrictor,Consumidor secundario,Anaconda,Competencia,7,2,1
1434,Boa constrictor,Consumidor primario,Jaguar,Descomposición,3,8,3
1435,Termitas,Consumidor secundario,Rana venenosa,Descomposición,10,29,8
1436,Anaconda,Consumidor secundario,Jaguar,Competencia,5,22,2
1437,Rana venenosa,Descomponedor,Venado,Mutualismo,5,39,6
1438,Mono araña,Consumidor secundario,Boa constrictor,Competencia,7,9,4
1439,Rana venenosa,Consumidor secundario,Boa constrictor,Mutualismo,3,1,8
1440,Tucán,Consumidor secundario,Termitas,Competencia,7,23,8
1441,Anaconda,Consumidor terciario,Rana venenosa,Mutualismo,5,1,1
1442,Tucán,Descomponedor,Venado,Mutualismo,5,22,8
1443,Boa constrictor,Consumidor secundario,Venado,Descomposición,8,2,6
1444,Venado,Descomponedor,Jaguar,Herbivoría,7,41,8
1445,Mono araña,Consumidor primario,Venado,Competencia,6,29,4
1446,Jaguar,Descomponedor,Anaconda,Herbivoría,7,28,4
1447,Hormiga cortadora,Consumidor secundario,Águila harpía,Descomposición,1,23,5
1448,Tucán,Consumidor secundario,Boa constrictor,Competencia,10,7,6
1449,Boa constrictor,Consumidor secundario,Águila harpía,Herbivoría,10,6,1
1450,Águila harpía,Productor,Mono araña,Descomposición,5,10,10
1451,Jaguar,Productor,Anaconda,Descomposición,2,3,9
1452,Venado,Consumidor terciario,Venado,Descomposición,6,5,4
1453,Hormiga cortadora,Consumidor terciario,Águila harpía,Descomposición,2,2,5
1454,Jaguar,Consumidor terciario,Termitas,Mutualismo,1,1,3
1455,Anaconda,Productor,Águila harpía,Competencia,5,20,7
1456,Jaguar,Productor,Anaconda,Depredación,6,49,1
1457,Jaguar,Descomponedor,Termitas,Mutualismo,3,38,6
1458,Boa constrictor,Descomponedor,Hormiga cortadora,Depredación,4,49,10
1459,Anaconda,Productor,Rana venenosa,Depredación,8,34,6
1460,Águila harpía,Productor,Águila harpía,Descomposición,1,10,1
1461,Termitas,Consumidor secundario,Águila harpía,Competencia,9,18,9
1462,Rana venenosa,Consumidor terciario,Venado,Descomposición,3,3,10
1463,Termitas,Consumidor secundario,Hormiga cortadora,Depredación,9,29,7
1464,Rana venenosa,Consumidor terciario,Mono araña,Mutualismo,6,50,9
1465,Rana venenosa,Productor,Tucán,Depredación,4,2,8
1466,Hormiga cortadora,Consumidor primario,Anaconda,Depredación,3,39,5
1467,Hormiga cortadora,Productor,Anaconda,Mutualismo,10,19,3
1468,Jaguar,Consumidor primario,Boa constrictor,Descomposición,1,47,2
1469,Mono araña,Consumidor primario,Boa constrictor,Descomposición,8,41,1
1470,Águila harpía,Productor,Mono araña,Depredación,3,9,10
1471,Termitas,Consumidor secundario,Hormiga cortadora,Depredación,3,50,4
1472,Anaconda,Consumidor terciario,Boa constrictor,Herbivoría,3,35,5
1473,Rana venenosa,Descomponedor,Águila harpía,Herbivoría,2,43,7
1474,Termitas,Consumidor primario,Venado,Depredación,5,18,3
1475,Termitas,Consumidor secundario,Mono araña,Competencia,8,50,2
1476,Venado,Consumidor secundario,Termitas,Depredación,2,9,7
1477,Rana venenosa,Consumidor secundario,Termitas,Depredación,6,24,10
1478,Termitas,Productor,Venado,Herbivoría,9,38,2
1479,Jaguar,Productor,Anaconda,Depredación,1,24,2
1480,Águila harpía,Consumidor primario,Anaconda,Competencia,9,19,10
1481,Jaguar,Productor,Tucán,Herbivoría,1,45,10
1482,Águila harpía,Descomponedor,Hormiga cortadora,Herbivoría,8,14,8
1483,Rana venenosa,Productor,Águila harpía,Mutualismo,2,44,7
1484,Anaconda,Consumidor primario,Jaguar,Descomposición,1,16,4
1485,Hormiga cortadora,Consumidor secundario,Venado,Mutualismo,7,31,5
1486,Boa constrictor,Consumidor terciario,Mono araña,Mutualismo,6,30,1
1487,Águila harpía,Descomponedor,Termitas,Mutualismo,7,15,2
1488,Águila harpía,Consumidor terciario,Águila harpía,Herbivoría,5,48,3
1489,Águila harpía,Consumidor terciario,Boa constrictor,Depredación,4,33,5
1490,Hormiga cortadora,Consumidor terciario,Boa constrictor,Competencia,10,11,1
1491,Hormiga cortadora,Productor,Rana venenosa,Depredación,8,5,2
1492,Águila harpía,Consumidor terciario,Termitas,Herbivoría,10,49,1
1493,Boa constrictor,Descomponedor,Jaguar,Competencia,9,34,9
1494,Tucán,Consumidor secundario,Jaguar,Competencia,4,35,4
1495,Anaconda,Consumidor terciario,Venado,Herbivoría,2,39,2
1496,Venado,Consumidor terciario,Rana venenosa,Depredación,3,28,4
1497,Rana venenosa,Consumidor primario,Boa constrictor,Herbivoría,3,47,3
1498,Venado,Consumidor primario,Águila harpía,Depredación,9,24,9
1499,Anaconda,Consumidor primario,Rana venenosa,Competencia,4,48,2
1500,Anaconda,Consumidor secundario,Anaconda,Herbivoría,5,18,1
1501,Boa constrictor,Consumidor primario,Jaguar,Herbivoría,5,16,9
1502,Hormiga cortadora,Consumidor terciario,Jaguar,Herbivoría,7,41,9
1503,Hormiga cortadora,Consumidor secundario,Venado,Depredación,9,36,7
1504,Anaconda,Consumidor secundario,Jaguar,Competencia,7,18,8
1505,Anaconda,Descomponedor,Mono araña,Mutualismo,3,10,6
1506,Boa constrictor,Descomponedor,Tucán,Mutualismo,2,44,6
1507,Termitas,Consumidor terciario,Tucán,Herbivoría,1,10,5
1508,Águila harpía,Consumidor primario,Jaguar,Herbivoría,2,9,9
1509,Boa constrictor,Consumidor secundario,Anaconda,Herbivoría,7,15,1
1510,Mono araña,Productor,Hormiga cortadora,Herbivoría,8,43,2
1511,Tucán,Consumidor secundario,Boa constrictor,Herbivoría,10,20,5
1512,Hormiga cortadora,Consumidor terciario,Venado,Competencia,9,27,8
1513,Boa constrictor,Consumidor secundario,Venado,Competencia,7,5,9
1514,Anaconda,Consumidor terciario,Hormiga cortadora,Mutualismo,1,33,3
1515,Jaguar,Productor,Águila harpía,Descomposición,1,43,4
1516,Boa constrictor,Consumidor terciario,Rana venenosa,Mutualismo,7,48,3
1517,Mono araña,Consumidor terciario,Mono araña,Competencia,4,17,6
1518,Mono araña,Productor,Águila harpía,Herbivoría,8,42,8
1519,Venado,Consumidor primario,Venado,Herbivoría,10,45,1
1520,Rana venenosa,Descomponedor,Hormiga cortadora,Depredación,6,50,2
1521,Anaconda,Consumidor secundario,Jaguar,Herbivoría,1,38,1
1522,Venado,Productor,Jaguar,Descomposición,10,32,1
1523,Águila harpía,Descomponedor,Termitas,Herbivoría,1,41,4
1524,Anaconda,Descomponedor,Mono araña,Descomposición,7,28,5
1525,Termitas,Descomponedor,Jaguar,Mutualismo,4,10,8
1526,Mono araña,Productor,Rana venenosa,Depredación,5,16,6
1527,Rana venenosa,Descomponedor,Termitas,Mutualismo,3,33,1
1528,Termitas,Descomponedor,Anaconda,Competencia,4,25,10
1529,Anaconda,Descomponedor,Mono araña,Herbivoría,6,1,2
1530,Águila harpía,Consumidor secundario,Termitas,Herbivoría,8,50,8
1531,Mono araña,Consumidor primario,Boa constrictor,Descomposición,2,15,8
1532,Águila harpía,Consumidor primario,Rana venenosa,Descomposición,7,28,8
1533,Águila harpía,Consumidor primario,Anaconda,Descomposición,3,36,2
1534,Tucán,Consumidor secundario,Jaguar,Descomposición,4,3,10
1535,Águila harpía,Consumidor secundario,Jaguar,Mutualismo,10,31,8
1536,Mono araña,Consumidor terciario,Jaguar,Depredación,4,47,3
1537,Rana venenosa,Consumidor terciario,Águila harpía,Descomposición,9,38,2
1538,Tucán,Descomponedor,Termitas,Mutualismo,5,35,3
1539,Mono araña,Consumidor secundario,Boa constrictor,Mutualismo,7,5,10
1540,Hormiga cortadora,Productor,Tucán,Herbivoría,2,18,5
1541,Boa constrictor,Productor,Termitas,Mutualismo,4,41,3
1542,Tucán,Productor,Anaconda,Depredación,10,34,2
1543,Termitas,Consumidor primario,Anaconda,Competencia,4,35,3
1544,Termitas,Productor,Mono araña,Depredación,8,16,6
1545,Venado,Consumidor primario,Águila harpía,Depredación,8,33,5
1546,Boa constrictor,Productor,Mono araña,Herbivoría,3,26,10
1547,Jaguar,Consumidor terciario,Anaconda,Herbivoría,3,44,8
1548,Termitas,Consumidor terciario,Águila harpía,Mutualismo,10,19,10
1549,Boa constrictor,Consumidor terciario,Boa constrictor,Herbivoría,2,26,8
1550,Venado,Consumidor terciario,Mono araña,Herbivoría,1,28,8
1551,Anaconda,Productor,Venado,Herbivoría,7,4,5
1552,Mono araña,Descomponedor,Jaguar,Depredación,1,48,9
1553,Rana venenosa,Productor,Rana venenosa,Depredación,1,49,2
1554,Hormiga cortadora,Consumidor terciario,Tucán,Competencia,8,44,6
1555,Anaconda,Consumidor terciario,Rana venenosa,Mutualismo,5,36,5
1556,Hormiga cortadora,Productor,Termitas,Descomposición,7,9,9
1557,Venado,Productor,Anaconda,Descomposición,4,16,2
1558,Jaguar,Productor,Jaguar,Mutualismo,1,48,9
1559,Hormiga cortadora,Productor,Rana venenosa,Mutualismo,1,9,6
1560,Hormiga cortadora,Descomponedor,Jaguar,Competencia,9,49,2
1561,Hormiga cortadora,Productor,Rana venenosa,Depredación,8,4,5
1562,Boa constrictor,Consumidor terciario,Tucán,Competencia,1,46,9
1563,Venado,Descomponedor,Venado,Descomposición,3,35,9
1564,Venado,Descomponedor,Termitas,Depredación,9,25,9
1565,Hormiga cortadora,Productor,Mono araña,Herbivoría,6,34,3
1566,Termitas,Consumidor secundario,Jaguar,Competencia,3,18,6
1567,Termitas,Consumidor secundario,Rana venenosa,Depredación,9,13,3
1568,Tucán,Consumidor terciario,Anaconda,Mutualismo,7,17,5
1569,Tucán,Descomponedor,Venado,Competencia,7,29,5
1570,Rana venenosa,Consumidor primario,Mono araña,Mutualismo,2,41,7
1571,Venado,Consumidor terciario,Hormiga cortadora,Competencia,3,24,5
1572,Boa constrictor,Productor,Termitas,Descomposición,8,44,8
1573,Tucán,Productor,Águila harpía,Depredación,8,8,2
1574,Hormiga cortadora,Productor,Águila harpía,Descomposición,3,46,3
1575,Venado,Descomponedor,Termitas,Depredación,7,18,10
1576,Tucán,Consumidor terciario,Termitas,Mutualismo,8,19,8
1577,Anaconda,Consumidor terciario,Rana venenosa,Depredación,3,1,5
1578,Hormiga cortadora,Productor,Venado,Depredación,5,44,4
1579,Águila harpía,Consumidor secundario,Mono araña,Descomposición,3,33,8
1580,Águila harpía,Consumidor secundario,Rana venenosa,Mutualismo,7,32,2
1581,Águila harpía,Consumidor primario,Tucán,Descomposición,9,31,9
1582,Tucán,Productor,Águila harpía,Mutualismo,4,17,10
1583,Anaconda,Consumidor terciario,Jaguar,Depredación,4,40,4
1584,Rana venenosa,Productor,Hormiga cortadora,Depredación,3,20,8
1585,Termitas,Consumidor secundario,Jaguar,Competencia,1,24,9
1586,Anaconda,Consumidor secundario,Tucán,Herbivoría,3,48,5
1587,Águila harpía,Productor,Venado,Mutualismo,8,49,1
1588,Hormiga cortadora,Productor,Mono araña,Herbivoría,1,8,3
1589,Boa constrictor,Descomponedor,Venado,Depredación,6,48,10
1590,Hormiga cortadora,Descomponedor,Tucán,Depredación,10,32,8
1591,Rana venenosa,Productor,Rana venenosa,Competencia,9,17,6
1592,Tucán,Consumidor terciario,Venado,Herbivoría,7,29,2
1593,Anaconda,Consumidor terciario,Venado,Herbivoría,5,12,2
1594,Mono araña,Consumidor terciario,Termitas,Herbivoría,7,19,7
1595,Águila harpía,Consumidor terciario,Águila harpía,Herbivoría,9,2,10
1596,Termitas,Consumidor primario,Tucán,Herbivoría,5,15,4
1597,Anaconda,Consumidor terciario,Anaconda,Descomposición,8,18,2
1598,Anaconda,Descomponedor,Hormiga cortadora,Descomposición,2,50,1
1599,Termitas,Descomponedor,Mono araña,Competencia,1,26,7
1600,Tucán,Consumidor secundario,Venado,Herbivoría,6,6,4
1601,Termitas,Consumidor secundario,Mono araña,Herbivoría,2,3,2
1602,Jaguar,Descomponedor,Anaconda,Herbivoría,4,44,7
1603,Termitas,Productor,Boa constrictor,Competencia,10,29,2
1604,Venado,Productor,Anaconda,Descomposición,1,34,8
1605,Venado,Productor,Anaconda,Mutualismo,9,33,3
1606,Rana venenosa,Productor,Rana venenosa,Competencia,4,33,9
1607,Jaguar,Consumidor terciario,Termitas,Descomposición,3,22,1
1608,Termitas,Consumidor terciario,Anaconda,Herbivoría,1,36,1
1609,Jaguar,Consumidor terciario,Águila harpía,Herbivoría,2,32,2
1610,Mono araña,Consumidor secundario,Hormiga cortadora,Mutualismo,3,21,2
1611,Venado,Descomponedor,Mono araña,Descomposición,9,45,1
1612,Mono araña,Descomponedor,Rana venenosa,Depredación,10,11,10
1613,Boa constrictor,Consumidor primario,Termitas,Mutualismo,10,4,5
1614,Tucán,Productor,Tucán,Descomposición,9,15,1
1615,Anaconda,Descomponedor,Termitas,Competencia,2,21,3
1616,Jaguar,Consumidor terciario,Rana venenosa,Descomposición,5,3,8
1617,Venado,Descomponedor,Termitas,Depredación,8,18,5
1618,Anaconda,Consumidor terciario,Tucán,Herbivoría,3,1,4
1619,Jaguar,Consumidor primario,Hormiga cortadora,Herbivoría,9,26,9
1620,Águila harpía,Consumidor terciario,Venado,Depredación,8,18,5
1621,Águila harpía,Consumidor terciario,Rana venenosa,Competencia,1,9,6
1622,Rana venenosa,Consumidor terciario,Boa constrictor,Mutualismo,3,41,8
1623,Hormiga cortadora,Consumidor terciario,Hormiga cortadora,Herbivoría,2,48,4
1624,Águila harpía,Consumidor terciario,Águila harpía,Competencia,2,26,5
1625,Termitas,Consumidor terciario,Mono araña,Mutualismo,2,41,5
1626,Venado,Consumidor primario,Mono araña,Herbivoría,2,40,8
1627,Jaguar,Consumidor primario,Mono araña,Herbivoría,7,32,7
1628,Águila harpía,Descomponedor,Anaconda,Mutualismo,10,46,4
1629,Mono araña,Descomponedor,Boa constrictor,Descomposición,4,48,6
1630,Jaguar,Consumidor secundario,Boa constrictor,Competencia,2,27,1
1631,Hormiga cortadora,Consumidor secundario,Tucán,Mutualismo,5,34,8
1632,Termitas,Productor,Rana venenosa,Depredación,10,18,5
1633,Anaconda,Consumidor secundario,Venado,Depredación,1,5,8
1634,Anaconda,Productor,Hormiga cortadora,Descomposición,10,40,6
1635,Águila harpía,Descomponedor,Jaguar,Descomposición,8,31,1
1636,Rana venenosa,Descomponedor,Águila harpía,Depredación,5,45,10
1637,Venado,Productor,Venado,Herbivoría,3,34,5
1638,Mono araña,Consumidor secundario,Venado,Descomposición,7,50,9
1639,Boa constrictor,Consumidor secundario,Jaguar,Mutualismo,10,1,1
1640,Venado,Productor,Boa constrictor,Depredación,3,3,3
1641,Boa constrictor,Consumidor secundario,Termitas,Competencia,3,35,5
1642,Rana venenosa,Productor,Hormiga cortadora,Herbivoría,3,5,5
1643,Venado,Productor,Rana venenosa,Depredación,6,50,4
1644,Anaconda,Consumidor terciario,Águila harpía,Herbivoría,3,18,7
1645,Águila harpía,Productor,Mono araña,Depredación,9,31,8
1646,Mono araña,Consumidor terciario,Rana venenosa,Descomposición,6,16,10
1647,Anaconda,Consumidor terciario,Hormiga cortadora,Descomposición,2,44,4
1648,Hormiga cortadora,Consumidor primario,Jaguar,Herbivoría,5,50,2
1649,Jaguar,Consumidor primario,Rana venenosa,Mutualismo,7,20,6
1650,Águila harpía,Consumidor primario,Termitas,Herbivoría,3,14,10
1651,Rana venenosa,Consumidor primario,Boa constrictor,Competencia,8,6,5
1652,Hormiga cortadora,Consumidor secundario,Venado,Herbivoría,9,9,10
1653,Boa constrictor,Consumidor terciario,Termitas,Competencia,6,35,5
1654,Termitas,Consumidor primario,Hormiga cortadora,Competencia,9,39,4
1655,Mono araña,Consumidor terciario,Hormiga cortadora,Mutualismo,3,6,9
1656,Hormiga cortadora,Descomponedor,Tucán,Herbivoría,7,30,1
1657,Termitas,Productor,Boa constrictor,Descomposición,2,5,4
1658,Mono araña,Consumidor primario,Venado,Depredación,3,1,4
1659,Tucán,Consumidor terciario,Águila harpía,Competencia,3,2,1
1660,Mono araña,Consumidor terciario,Tucán,Depredación,6,28,5
1661,Boa constrictor,Consumidor terciario,Hormiga cortadora,Depredación,4,41,6
1662,Boa constrictor,Consumidor primario,Águila harpía,Competencia,8,19,5
1663,Águila harpía,Consumidor terciario,Termitas,Herbivoría,10,14,7
1664,Anaconda,Productor,Águila harpía,Herbivoría,1,26,5
1665,Mono araña,Consumidor primario,Hormiga cortadora,Competencia,7,37,8
1666,Anaconda,Consumidor terciario,Venado,Competencia,1,14,6
1667,Venado,Consumidor secundario,Tucán,Depredación,8,7,8
1668,Boa constrictor,Consumidor secundario,Mono araña,Mutualismo,10,38,7
1669,Anaconda,Consumidor terciario,Boa constrictor,Descomposición,10,37,3
1670,Termitas,Consumidor secundario,Jaguar,Herbivoría,5,11,4
1671,Hormiga cortadora,Descomponedor,Mono araña,Descomposición,7,40,6
1672,Anaconda,Descomponedor,Anaconda,Herbivoría,4,31,5
1673,Mono araña,Descomponedor,Termitas,Mutualismo,8,13,8
1674,Hormiga cortadora,Consumidor secundario,Hormiga cortadora,Herbivoría,5,4,4
1675,Tucán,Productor,Boa constrictor,Herbivoría,8,23,8
1676,Anaconda,Productor,Jaguar,Herbivoría,2,4,3
1677,Tucán,Productor,Termitas,Depredación,5,27,5
1678,Boa constrictor,Descomponedor,Boa constrictor,Competencia,4,50,10
1679,Tucán,Consumidor secundario,Anaconda,Mutualismo,4,48,7
1680,Mono araña,Productor,Jaguar,Competencia,6,50,10
1681,Águila harpía,Descomponedor,Termitas,Depredación,9,9,1
1682,Tucán,Consumidor secundario,Hormiga cortadora,Mutualismo,6,33,8
1683,Hormiga cortadora,Consumidor terciario,Hormiga cortadora,Herbivoría,4,29,9
1684,Termitas,Consumidor terciario,Hormiga cortadora,Herbivoría,2,36,1
1685,Anaconda,Consumidor primario,Águila harpía,Descomposición,8,29,3
1686,Rana venenosa,Consumidor secundario,Tucán,Depredación,8,27,9
1687,Termitas,Descomponedor,Mono araña,Competencia,10,6,3
1688,Jaguar,Consumidor secundario,Termitas,Descomposición,3,39,10
1689,Hormiga cortadora,Consumidor secundario,Boa constrictor,Herbivoría,8,28,3
1690,Rana venenosa,Descomponedor,Rana venenosa,Mutualismo,8,12,5
1691,Termitas,Descomponedor,Mono araña,Competencia,10,45,7
1692,Hormiga cortadora,Consumidor secundario,Anaconda,Herbivoría,7,12,2
1693,Boa constrictor,Descomponedor,Mono araña,Descomposición,6,7,6
1694,Tucán,Productor,Águila harpía,Herbivoría,4,17,6
1695,Anaconda,Consumidor primario,Águila harpía,Competencia,4,15,1
1696,Hormiga cortadora,Descomponedor,Mono araña,Herbivoría,6,38,8
1697,Águila harpía,Productor,Mono araña,Competencia,5,23,6
1698,Boa constrictor,Productor,Rana venenosa,Depredación,5,8,4
1699,Anaconda,Consumidor primario,Jaguar,Depredación,10,13,4
1700,Hormiga cortadora,Consumidor secundario,Rana venenosa,Herbivoría,2,39,4
1701,Águila harpía,Consumidor primario,Anaconda,Competencia,3,34,3
1702,Jaguar,Productor,Jaguar,Descomposición,3,38,9
1703,Boa constrictor,Descomponedor,Anaconda,Mutualismo,1,36,4
1704,Mono araña,Descomponedor,Rana venenosa,Depredación,9,36,2
1705,Anaconda,Descomponedor,Rana venenosa,Mutualismo,10,28,7
1706,Jaguar,Consumidor secundario,Águila harpía,Herbivoría,7,10,2
1707,Águila harpía,Consumidor terciario,Hormiga cortadora,Descomposición,9,26,1
1708,Rana venenosa,Consumidor primario,Hormiga cortadora,Competencia,1,13,3
1709,Rana venenosa,Productor,Hormiga cortadora,Herbivoría,6,50,8
1710,Boa constrictor,Consumidor terciario,Rana venenosa,Descomposición,6,15,9
1711,Rana venenosa,Consumidor terciario,Hormiga cortadora,Competencia,5,8,8
1712,Hormiga cortadora,Descomponedor,Hormiga cortadora,Depredación,7,13,6
1713,Hormiga cortadora,Consumidor terciario,Anaconda,Competencia,3,9,10
1714,Anaconda,Consumidor secundario,Águila harpía,Competencia,6,43,5
1715,Rana venenosa,Productor,Anaconda,Descomposición,8,6,8
1716,Boa constrictor,Consumidor secundario,Mono araña,Descomposición,3,20,7
1717,Termitas,Consumidor terciario,Mono araña,Depredación,8,17,1
1718,Hormiga cortadora,Consumidor secundario,Jaguar,Competencia,9,38,10
1719,Jaguar,Consumidor primario,Mono araña,Competencia,2,20,2
1720,Mono araña,Productor,Tucán,Herbivoría,7,9,6
1721,Mono araña,Consumidor primario,Jaguar,Depredación,5,15,1
1722,Mono araña,Descomponedor,Águila harpía,Competencia,5,23,6
1723,Anaconda,Productor,Boa constrictor,Competencia,9,7,8
1724,Jaguar,Consumidor primario,Tucán,Competencia,9,5,3
1725,Termitas,Consumidor primario,Boa constrictor,Competencia,2,49,7
1726,Mono araña,Consumidor terciario,Mono araña,Herbivoría,7,29,7
1727,Venado,Consumidor terciario,Águila harpía,Mutualismo,3,9,9
1728,Tucán,Consumidor primario,Boa constrictor,Competencia,8,44,3
1729,Anaconda,Consumidor terciario,Venado,Mutualismo,4,27,5
1730,Termitas,Productor,Jaguar,Descomposición,6,29,9
1731,Águila harpía,Consumidor primario,Venado,Mutualismo,6,36,4
1732,Rana venenosa,Consumidor terciario,Anaconda,Depredación,10,36,7
1733,Anaconda,Consumidor primario,Rana venenosa,Mutualismo,7,10,4
1734,Tucán,Productor,Anaconda,Mutualismo,8,41,8
1735,Rana venenosa,Descomponedor,Jaguar,Depredación,8,45,2
1736,Tucán,Consumidor secundario,Mono araña,Competencia,7,7,8
1737,Anaconda,Descomponedor,Venado,Descomposición,10,47,3
1738,Termitas,Consumidor primario,Anaconda,Competencia,4,12,7
1739,Rana venenosa,Productor,Tucán,Mutualismo,3,15,6
1740,Venado,Consumidor terciario,Venado,Herbivoría,10,16,5
1741,Jaguar,Descomponedor,Rana venenosa,Herbivoría,6,43,1
1742,Mono araña,Consumidor terciario,Mono araña,Descomposición,6,13,2
1743,Águila harpía,Descomponedor,Tucán,Competencia,10,39,1
1744,Venado,Consumidor secundario,Termitas,Depredación,3,46,1
1745,Tucán,Consumidor primario,Boa constrictor,Depredación,2,34,1
1746,Águila harpía,Descomponedor,Hormiga cortadora,Descomposición,8,44,3
1747,Mono araña,Productor,Boa constrictor,Descomposición,10,25,8
1748,Jaguar,Productor,Anaconda,Descomposición,10,40,4
1749,Termitas,Consumidor terciario,Anaconda,Mutualismo,5,47,1
1750,Tucán,Consumidor terciario,Tucán,Competencia,10,32,8
1751,Anaconda,Consumidor secundario,Mono araña,Herbivoría,6,22,9
1752,Rana venenosa,Consumidor terciario,Jaguar,Mutualismo,7,14,5
1753,Tucán,Productor,Rana venenosa,Mutualismo,9,7,4
1754,Jaguar,Descomponedor,Tucán,Mutualismo,9,35,6
1755,Anaconda,Consumidor secundario,Boa constrictor,Descomposición,4,22,9
1756,Águila harpía,Descomponedor,Rana venenosa,Mutualismo,3,49,8
1757,Anaconda,Consumidor secundario,Boa constrictor,Mutualismo,10,4,10
1758,Hormiga cortadora,Consumidor terciario,Hormiga cortadora,Competencia,1,47,7
1759,Rana venenosa,Consumidor terciario,Venado,Descomposición,7,6,7
1760,Boa constrictor,Productor,Termitas,Herbivoría,4,17,2
1761,Tucán,Productor,Mono araña,Competencia,3,35,5
1762,Hormiga cortadora,Productor,Hormiga cortadora,Herbivoría,1,7,3
1763,Venado,Consumidor secundario,Boa constrictor,Competencia,9,40,2
1764,Anaconda,Consumidor primario,Anaconda,Depredación,3,15,3
1765,Termitas,Consumidor primario,Boa constrictor,Herbivoría,3,35,3
1766,Hormiga cortadora,Consumidor primario,Águila harpía,Descomposición,9,31,4
1767,Venado,Descomponedor,Boa constrictor,Descomposición,7,4,9
1768,Águila harpía,Consumidor terciario,Anaconda,Depredación,8,5,10
1769,Jaguar,Consumidor terciario,Tucán,Herbivoría,8,45,3
1770,Venado,Consumidor secundario,Anaconda,Depredación,1,49,2
1771,Tucán,Consumidor secundario,Anaconda,Descomposición,5,10,1
1772,Tucán,Consumidor secundario,Jaguar,Competencia,5,39,8
1773,Anaconda,Productor,Tucán,Mutualismo,8,33,9
1774,Águila harpía,Consumidor primario,Anaconda,Herbivoría,10,22,7
1775,Jaguar,Consumidor secundario,Jaguar,Herbivoría,7,20,8
1776,Hormiga cortadora,Descomponedor,Rana venenosa,Herbivoría,2,23,1
1777,Hormiga cortadora,Consumidor primario,Jaguar,Competencia,6,47,4
1778,Venado,Consumidor secundario,Jaguar,Depredación,5,33,3
1779,Tucán,Productor,Águila harpía,Competencia,6,47,10
1780,Jaguar,Consumidor terciario,Termitas,Herbivoría,9,31,9
1781,Venado,Descomponedor,Boa constrictor,Depredación,2,31,10
1782,Tucán,Consumidor primario,Anaconda,Depredación,6,16,5
1783,Jaguar,Consumidor terciario,Rana venenosa,Mutualismo,6,30,7
1784,Hormiga cortadora,Consumidor secundario,Termitas,Depredación,2,49,3
1785,Rana venenosa,Descomponedor,Anaconda,Mutualismo,7,39,2
1786,Mono araña,Consumidor primario,Termitas,Herbivoría,9,18,7
1787,Tucán,Consumidor terciario,Tucán,Mutualismo,9,15,9
1788,Termitas,Productor,Termitas,Mutualismo,4,48,2
1789,Termitas,Productor,Termitas,Mutualismo,10,19,9
1790,Tucán,Consumidor secundario,Mono araña,Mutualismo,2,28,4
1791,Jaguar,Consumidor primario,Rana venenosa,Depredación,7,39,5
1792,Mono araña,Consumidor secundario,Hormiga cortadora,Depredación,4,7,8
1793,Jaguar,Consumidor terciario,Mono araña,Mutualismo,10,9,3
1794,Anaconda,Consumidor secundario,Hormiga cortadora,Competencia,10,16,7
1795,Tucán,Consumidor terciario,Venado,Competencia,2,37,9
1796,Hormiga cortadora,Descomponedor,Anaconda,Herbivoría,3,43,7
1797,Anaconda,Productor,Mono araña,Mutualismo,8,13,8
1798,Águila harpía,Productor,Jaguar,Depredación,3,22,9
1799,Tucán,Consumidor primario,Hormiga cortadora,Depredación,6,15,6
1800,Tucán,Consumidor secundario,Rana venenosa,Herbivoría,9,24,3
1801,Jaguar,Descomponedor,Mono araña,Depredación,3,36,4
1802,Anaconda,Consumidor terciario,Venado,Competencia,4,7,8
1803,Venado,Consumidor terciario,Anaconda,Mutualismo,3,1,5
1804,Tucán,Productor,Anaconda,Descomposición,5,8,5
1805,Venado,Descomponedor,Termitas,Herbivoría,5,19,10
1806,Hormiga cortadora,Productor,Venado,Mutualismo,9,17,10
1807,Termitas,Productor,Mono araña,Mutualismo,4,1,8
1808,Tucán,Consumidor primario,Hormiga cortadora,Competencia,8,8,4
1809,Rana venenosa,Consumidor secundario,Termitas,Mutualismo,8,34,8
1810,Águila harpía,Descomponedor,Rana venenosa,Depredación,6,28,1
1811,Águila harpía,Consumidor secundario,Tucán,Herbivoría,5,36,5
1812,Tucán,Consumidor terciario,Termitas,Herbivoría,10,44,6
1813,Anaconda,Consumidor primario,Rana venenosa,Depredación,4,30,1
1814,Rana venenosa,Descomponedor,Mono araña,Herbivoría,5,22,8
1815,Águila harpía,Productor,Boa constrictor,Competencia,3,20,8
1816,Venado,Descomponedor,Rana venenosa,Descomposición,5,13,1
1817,Rana venenosa,Descomponedor,Anaconda,Depredación,9,23,6
1818,Venado,Descomponedor,Hormiga cortadora,Herbivoría,8,10,8
1819,Venado,Productor,Anaconda,Mutualismo,6,31,3
1820,Jaguar,Consumidor terciario,Jaguar,Mutualismo,6,50,6
1821,Boa constrictor,Consumidor secundario,Boa constrictor,Descomposición,1,37,7
1822,Anaconda,Productor,Águila harpía,Depredación,6,6,1
1823,Rana venenosa,Productor,Hormiga cortadora,Herbivoría,6,47,2
1824,Mono araña,Consumidor secundario,Venado,Descomposición,7,48,10
1825,Águila harpía,Consumidor primario,Termitas,Competencia,8,48,6
1826,Boa constrictor,Consumidor secundario,Águila harpía,Herbivoría,2,1,1
1827,Venado,Consumidor primario,Águila harpía,Mutualismo,9,17,7
1828,Boa constrictor,Consumidor secundario,Jaguar,Descomposición,9,9,6
1829,Venado,Descomponedor,Venado,Mutualismo,7,32,8
1830,Jaguar,Descomponedor,Rana venenosa,Herbivoría,5,43,2
1831,Mono araña,Descomponedor,Águila harpía,Mutualismo,10,43,6
1832,Jaguar,Descomponedor,Hormiga cortadora,Descomposición,3,45,10
1833,Rana venenosa,Descomponedor,Rana venenosa,Competencia,4,1,3
1834,Anaconda,Descomponedor,Tucán,Herbivoría,8,27,8
1835,Boa constrictor,Productor,Rana venenosa,Competencia,2,25,4
1836,Termitas,Consumidor secundario,Hormiga cortadora,Herbivoría,5,40,9
1837,Jaguar,Consumidor secundario,Termitas,Descomposición,2,48,6
1838,Boa constrictor,Consumidor secundario,Jaguar,Descomposición,7,1,3
1839,Anaconda,Consumidor secundario,Boa constrictor,Competencia,5,31,5
1840,Termitas,Consumidor secundario,Águila harpía,Depredación,2,38,10
1841,Hormiga cortadora,Consumidor secundario,Jaguar,Competencia,7,31,3
1842,Tucán,Productor,Mono araña,Descomposición,8,13,6
1843,Águila harpía,Consumidor secundario,Venado,Mutualismo,7,36,9
1844,Venado,Productor,Águila harpía,Mutualismo,2,26,6
1845,Hormiga cortadora,Consumidor primario,Jaguar,Depredación,3,13,9
1846,Boa constrictor,Consumidor secundario,Hormiga cortadora,Competencia,2,11,9
1847,Águila harpía,Consumidor terciario,Mono araña,Competencia,9,49,10
1848,Boa constrictor,Consumidor primario,Venado,Depredación,8,50,4
1849,Jaguar,Consumidor primario,Anaconda,Mutualismo,10,50,8
1850,Boa constrictor,Descomponedor,Rana venenosa,Competencia,10,35,8
1851,Venado,Consumidor primario,Anaconda,Mutualismo,1,42,8
1852,Anaconda,Consumidor primario,Venado,Herbivoría,3,28,10
1853,Venado,Consumidor secundario,Termitas,Descomposición,7,17,9
1854,Rana venenosa,Descomponedor,Boa constrictor,Depredación,3,12,6
1855,Rana venenosa,Descomponedor,Boa constrictor,Herbivoría,3,42,4
1856,Anaconda,Consumidor secundario,Tucán,Herbivoría,7,28,6
1857,Venado,Productor,Anaconda,Competencia,7,47,2
1858,Rana venenosa,Productor,Águila harpía,Competencia,5,13,6
1859,Boa constrictor,Consumidor secundario,Rana venenosa,Herbivoría,1,43,10
1860,Venado,Descomponedor,Rana venenosa,Depredación,6,6,3
1861,Águila harpía,Consumidor secundario,Jaguar,Descomposición,6,33,5
1862,Rana venenosa,Productor,Tucán,Mutualismo,3,4,3
1863,Anaconda,Consumidor terciario,Anaconda,Descomposición,3,1,8
1864,Rana venenosa,Descomponedor,Tucán,Depredación,3,5,1
1865,Jaguar,Consumidor secundario,Boa constrictor,Herbivoría,3,28,8
1866,Tucán,Consumidor secundario,Mono araña,Depredación,4,24,6
1867,Boa constrictor,Descomponedor,Anaconda,Competencia,9,32,10
1868,Boa constrictor,Descomponedor,Jaguar,Mutualismo,5,45,6
1869,Hormiga cortadora,Productor,Tucán,Herbivoría,5,30,5
1870,Tucán,Consumidor terciario,Hormiga cortadora,Competencia,9,19,7
1871,Tucán,Productor,Rana venenosa,Descomposición,3,36,5
1872,Venado,Descomponedor,Anaconda,Depredación,6,39,5
1873,Termitas,Consumidor secundario,Anaconda,Descomposición,8,8,5
1874,Jaguar,Consumidor terciario,Termitas,Depredación,10,37,6
1875,Mono araña,Descomponedor,Jaguar,Descomposición,2,11,8
1876,Mono araña,Descomponedor,Jaguar,Competencia,1,38,7
1877,Hormiga cortadora,Productor,Tucán,Herbivoría,5,49,2
1878,Águila harpía,Consumidor primario,Jaguar,Descomposición,9,26,4
1879,Boa constrictor,Descomponedor,Anaconda,Descomposición,1,26,4
1880,Anaconda,Productor,Rana venenosa,Mutualismo,8,15,8
1881,Termitas,Consumidor secundario,Jaguar,Herbivoría,5,10,8
1882,Rana venenosa,Consumidor terciario,Hormiga cortadora,Competencia,1,3,6
1883,Venado,Consumidor primario,Tucán,Competencia,7,6,6
1884,Mono araña,Descomponedor,Anaconda,Depredación,4,41,4
1885,Anaconda,Consumidor terciario,Boa constrictor,Herbivoría,3,26,5
1886,Jaguar,Descomponedor,Jaguar,Competencia,9,49,5
1887,Anaconda,Descomponedor,Rana venenosa,Descomposición,9,14,7
1888,Águila harpía,Consumidor terciario,Termitas,Descomposición,5,49,3
1889,Hormiga cortadora,Consumidor primario,Hormiga cortadora,Mutualismo,5,15,7
1890,Boa constrictor,Consumidor terciario,Rana venenosa,Herbivoría,9,16,8
1891,Rana venenosa,Consumidor terciario,Jaguar,Descomposición,1,45,6
1892,Rana venenosa,Consumidor secundario,Mono araña,Competencia,1,41,8
1893,Jaguar,Consumidor secundario,Anaconda,Herbivoría,8,7,7
1894,Boa constrictor,Descomponedor,Hormiga cortadora,Depredación,7,33,2
1895,Boa constrictor,Consumidor terciario,Anaconda,Herbivoría,5,2,1
1896,Tucán,Descomponedor,Rana venenosa,Mutualismo,6,5,6
1897,Rana venenosa,Descomponedor,Termitas,Mutualismo,10,6,3
1898,Jaguar,Consumidor terciario,Anaconda,Descomposición,3,10,6
1899,Jaguar,Consumidor terciario,Hormiga cortadora,Descomposición,1,21,5
1900,Hormiga cortadora,Consumidor primario,Tucán,Mutualismo,4,11,9
1901,Jaguar,Consumidor secundario,Águila harpía,Descomposición,8,10,1
1902,Termitas,Consumidor primario,Boa constrictor,Competencia,6,41,5
1903,Jaguar,Descomponedor,Venado,Herbivoría,3,41,4
1904,Águila harpía,Productor,Tucán,Mutualismo,6,11,5
1905,Tucán,Consumidor terciario,Venado,Descomposición,10,27,7
1906,Tucán,Consumidor primario,Termitas,Competencia,3,23,7
1907,Boa constrictor,Consumidor terciario,Jaguar,Mutualismo,2,29,1
1908,Termitas,Productor,Águila harpía,Competencia,2,47,6
1909,Boa constrictor,Descomponedor,Águila harpía,Descomposición,9,15,3
1910,Anaconda,Productor,Jaguar,Mutualismo,9,19,4
1911,Rana venenosa,Consumidor secundario,Águila harpía,Depredación,8,2,6
1912,Hormiga cortadora,Productor,Tucán,Competencia,6,24,9
1913,Jaguar,Productor,Venado,Descomposición,2,42,6
1914,Tucán,Productor,Águila harpía,Competencia,9,4,10
1915,Águila harpía,Consumidor secundario,Jaguar,Herbivoría,7,35,6
1916,Boa constrictor,Productor,Boa constrictor,Herbivoría,10,34,4
1917,Jaguar,Consumidor primario,Mono araña,Herbivoría,4,34,7
1918,Termitas,Consumidor secundario,Jaguar,Mutualismo,3,49,5
1919,Águila harpía,Consumidor primario,Águila harpía,Depredación,2,29,5
1920,Águila harpía,Consumidor primario,Tucán,Competencia,1,42,1
1921,Tucán,Consumidor primario,Águila harpía,Competencia,9,21,6
1922,Termitas,Productor,Termitas,Herbivoría,9,9,2
1923,Anaconda,Descomponedor,Águila harpía,Descomposición,1,49,4
1924,Mono araña,Descomponedor,Termitas,Competencia,1,37,4
1925,Termitas,Consumidor primario,Mono araña,Competencia,3,30,4
1926,Jaguar,Consumidor terciario,Tucán,Descomposición,5,36,8
1927,Águila harpía,Productor,Hormiga cortadora,Descomposición,2,17,2
1928,Venado,Consumidor secundario,Tucán,Herbivoría,3,16,5
1929,Venado,Productor,Hormiga cortadora,Descomposición,9,6,10
1930,Boa constrictor,Consumidor primario,Boa constrictor,Mutualismo,6,16,1
1931,Hormiga cortadora,Descomponedor,Hormiga cortadora,Competencia,7,42,4
1932,Venado,Consumidor secundario,Termitas,Herbivoría,7,34,3
1933,Mono araña,Consumidor terciario,Termitas,Depredación,2,8,1
1934,Tucán,Consumidor terciario,Boa constrictor,Competencia,9,7,9
1935,Anaconda,Consumidor terciario,Tucán,Descomposición,7,8,2
1936,Boa constrictor,Descomponedor,Mono araña,Depredación,5,42,4
1937,Águila harpía,Consumidor secundario,Anaconda,Descomposición,7,36,5
1938,Rana venenosa,Consumidor primario,Venado,Competencia,5,10,10
1939,Rana venenosa,Descomponedor,Águila harpía,Herbivoría,7,14,4
1940,Boa constrictor,Consumidor primario,Anaconda,Mutualismo,1,30,1
1941,Mono araña,Consumidor primario,Termitas,Depredación,2,25,6
1942,Jaguar,Descomponedor,Mono araña,Mutualismo,10,20,9
1943,Boa constrictor,Consumidor secundario,Jaguar,Depredación,2,2,8
1944,Boa constrictor,Consumidor terciario,Rana venenosa,Competencia,3,35,3
1945,Águila harpía,Descomponedor,Jaguar,Mutualismo,2,49,5
1946,Termitas,Consumidor terciario,Hormiga cortadora,Competencia,9,32,7
1947,Termitas,Consumidor primario,Venado,Descomposición,6,38,7
1948,Tucán,Consumidor secundario,Rana venenosa,Descomposición,2,50,3
1949,Boa constrictor,Consumidor primario,Hormiga cortadora,Competencia,1,45,7
1950,Jaguar,Consumidor primario,Águila harpía,Mutualismo,6,9,7
1951,Venado,Productor,Anaconda,Mutualismo,4,15,6
1952,Boa constrictor,Consumidor terciario,Boa constrictor,Competencia,4,34,4
1953,Rana venenosa,Productor,Jaguar,Descomposición,5,42,7
1954,Jaguar,Consumidor terciario,Anaconda,Competencia,6,7,8
1955,Boa constrictor,Consumidor terciario,Mono araña,Competencia,9,23,2
1956,Venado,Consumidor primario,Hormiga cortadora,Depredación,2,30,4
1957,Jaguar,Descomponedor,Termitas,Mutualismo,2,24,1
1958,Rana venenosa,Productor,Tucán,Competencia,6,15,7
1959,Venado,Consumidor secundario,Águila harpía,Herbivoría,9,26,2
1960,Mono araña,Consumidor primario,Venado,Competencia,6,39,4
1961,Termitas,Productor,Águila harpía,Depredación,3,14,7
1962,Águila harpía,Consumidor primario,Termitas,Depredación,7,27,5
1963,Rana venenosa,Productor,Jaguar,Competencia,7,48,10
1964,Jaguar,Consumidor terciario,Termitas,Depredación,2,12,6
1965,Anaconda,Consumidor secundario,Venado,Depredación,2,44,7
1966,Boa constrictor,Consumidor terciario,Termitas,Descomposición,3,18,5
1967,Mono araña,Descomponedor,Anaconda,Descomposición,9,32,10
1968,Venado,Consumidor terciario,Anaconda,Competencia,6,32,7
1969,Anaconda,Consumidor secundario,Jaguar,Competencia,8,35,6
1970,Mono araña,Consumidor secundario,Anaconda,Descomposición,3,43,8
1971,Termitas,Consumidor primario,Águila harpía,Descomposición,3,9,3
1972,Rana venenosa,Consumidor secundario,Tucán,Competencia,6,21,6
1973,Tucán,Descomponedor,Venado,Descomposición,7,20,1
1974,Mono araña,Consumidor primario,Boa constrictor,Mutualismo,2,34,7
1975,Jaguar,Productor,Jaguar,Depredación,5,27,1
1976,Rana venenosa,Descomponedor,Tucán,Mutualismo,2,26,3
1977,Boa constrictor,Productor,Anaconda,Competencia,9,34,1
1978,Venado,Consumidor secundario,Termitas,Competencia,6,36,8
1979,Venado,Consumidor primario,Venado,Competencia,3,44,5
1980,Jaguar,Descomponedor,Mono araña,Descomposición,8,22,3
1981,Boa constrictor,Consumidor terciario,Boa constrictor,Herbivoría,2,30,9
1982,Jaguar,Consumidor secundario,Termitas,Herbivoría,10,41,2
1983,Rana venenosa,Consumidor primario,Tucán,Depredación,3,7,6
1984,Águila harpía,Consumidor primario,Águila harpía,Herbivoría,10,3,4
1985,Venado,Consumidor secundario,Boa constrictor,Depredación,10,50,1
1986,Mono araña,Consumidor primario,Jaguar,Mutualismo,7,50,5
1987,Jaguar,Consumidor terciario,Hormiga cortadora,Depredación,5,22,6
1988,Anaconda,Consumidor primario,Mono araña,Herbivoría,3,41,10
1989,Termitas,Consumidor terciario,Tucán,Mutualismo,9,49,10
1990,Tucán,Consumidor terciario,Tucán,Competencia,5,50,5
1991,Anaconda,Descomponedor,Venado,Depredación,10,34,9
1992,Mono araña,Consumidor terciario,Venado,Competencia,4,9,5
1993,Anaconda,Productor,Rana venenosa,Descomposición,4,8,6
1994,Hormiga cortadora,Consumidor terciario,Anaconda,Competencia,5,31,1
1995,Hormiga cortadora,Descomponedor,Hormiga cortadora,Herbivoría,7,12,6
1996,Rana venenosa,Consumidor primario,Águila harpía,Mutualismo,7,5,7
1997,Hormiga cortadora,Consumidor terciario,Venado,Competencia,7,26,6
1998,Venado,Productor,Águila harpía,Descomposición,10,21,8
1999,Hormiga cortadora,Consumidor terciario,Jaguar,Depredación,1,6,8
2000,Anaconda,Consumidor secundario,Termitas,Descomposición,3,41,5
2001,Anaconda,Productor,Hormiga cortadora,Depredación,8,30,7
2002,Jaguar,Consumidor terciario,Mono araña,Mutualismo,5,11,3
2003,Águila harpía,Consumidor primario,Boa constrictor,Herbivoría,6,9,4
2004,Tucán,Consumidor primario,Mono araña,Competencia,9,11,6
2005,Termitas,Consumidor primario,Tucán,Depredación,5,15,5
2006,Boa constrictor,Consumidor terciario,Tucán,Depredación,9,22,3
2007,Termitas,Productor,Termitas,Mutualismo,6,26,9
2008,Venado,Productor,Águila harpía,Mutualismo,1,48,7
2009,Águila harpía,Descomponedor,Venado,Descomposición,2,47,1
2010,Hormiga cortadora,Consumidor terciario,Venado,Herbivoría,10,10,2
2011,Tucán,Descomponedor,Termitas,Descomposición,10,33,3
2012,Jaguar,Descomponedor,Tucán,Descomposición,10,6,8
2013,Termitas,Descomponedor,Águila harpía,Descomposición,8,23,5
2014,Tucán,Consumidor secundario,Jaguar,Mutualismo,8,22,4
2015,Tucán,Consumidor terciario,Águila harpía,Herbivoría,3,28,1
2016,Termitas,Consumidor primario,Mono araña,Depredación,10,7,7
2017,Venado,Consumidor secundario,Termitas,Descomposición,10,43,7
2018,Águila harpía,Descomponedor,Anaconda,Descomposición,2,2,3
2019,Jaguar,Consumidor terciario,Jaguar,Depredación,4,26,8
2020,Águila harpía,Consumidor primario,Hormiga cortadora,Mutualismo,4,25,5
2021,Anaconda,Consumidor primario,Jaguar,Herbivoría,10,15,7
2022,Boa constrictor,Consumidor primario,Termitas,Mutualismo,1,33,3
2023,Águila harpía,Consumidor secundario,Mono araña,Depredación,8,32,3
2024,Termitas,Productor,Venado,Competencia,8,38,8
2025,Venado,Consumidor terciario,Mono araña,Descomposición,3,9,4
2026,Hormiga cortadora,Consumidor primario,Águila harpía,Herbivoría,6,48,5
2027,Boa constrictor,Descomponedor,Hormiga cortadora,Competencia,9,21,5
2028,Rana venenosa,Productor,Boa constrictor,Herbivoría,3,30,5
2029,Hormiga cortadora,Consumidor primario,Mono araña,Descomposición,9,11,10
2030,Rana venenosa,Consumidor secundario,Anaconda,Descomposición,5,4,4
2031,Rana venenosa,Consumidor terciario,Águila harpía,Depredación,3,45,1
2032,Hormiga cortadora,Consumidor terciario,Boa constrictor,Herbivoría,3,44,9
2033,Anaconda,Descomponedor,Venado,Descomposición,2,45,9
2034,Rana venenosa,Consumidor secundario,Rana venenosa,Depredación,1,9,7
2035,Anaconda,Descomponedor,Anaconda,Herbivoría,4,40,7
2036,Tucán,Descomponedor,Anaconda,Mutualismo,9,15,5
2037,Venado,Consumidor secundario,Termitas,Depredación,6,3,8
2038,Tucán,Consumidor terciario,Hormiga cortadora,Depredación,6,28,10
2039,Tucán,Consumidor primario,Águila harpía,Herbivoría,7,39,9
2040,Boa constrictor,Consumidor terciario,Termitas,Mutualismo,7,38,5
2041,Rana venenosa,Consumidor terciario,Jaguar,Mutualismo,7,21,2
2042,Mono araña,Consumidor secundario,Rana venenosa,Competencia,5,20,8
2043,Hormiga cortadora,Consumidor primario,Tucán,Competencia,10,39,3
2044,Termitas,Consumidor secundario,Anaconda,Competencia,4,18,6
2045,Termitas,Consumidor terciario,Águila harpía,Mutualismo,2,30,6
2046,Boa constrictor,Descomponedor,Venado,Descomposición,6,34,9
2047,Anaconda,Productor,Venado,Mutualismo,9,4,3
2048,Mono araña,Productor,Mono araña,Mutualismo,9,38,7
2049,Jaguar,Productor,Águila harpía,Competencia,8,7,9
2050,Anaconda,Consumidor terciario,Hormiga cortadora,Herbivoría,9,32,9
2051,Anaconda,Productor,Mono araña,Herbivoría,7,24,10
2052,Mono araña,Consumidor terciario,Hormiga cortadora,Depredación,6,22,7
2053,Jaguar,Consumidor terciario,Jaguar,Mutualismo,10,11,1
2054,Anaconda,Consumidor primario,Jaguar,Competencia,8,27,8
2055,Jaguar,Productor,Termitas,Herbivoría,9,40,7
2056,Boa constrictor,Consumidor secundario,Venado,Competencia,10,10,4
2057,Tucán,Consumidor secundario,Rana venenosa,Mutualismo,9,4,3
2058,Hormiga cortadora,Consumidor terciario,Anaconda,Descomposición,10,48,3
2059,Venado,Consumidor terciario,Mono araña,Mutualismo,6,4,5
2060,Termitas,Consumidor primario,Jaguar,Descomposición,7,8,4
2061,Rana venenosa,Consumidor terciario,Venado,Descomposición,6,37,4
2062,Águila harpía,Consumidor terciario,Venado,Mutualismo,3,21,1
2063,Termitas,Consumidor terciario,Águila harpía,Mutualismo,4,40,1
2064,Rana venenosa,Productor,Boa constrictor,Herbivoría,9,1,6
2065,Anaconda,Consumidor secundario,Jaguar,Mutualismo,1,19,1
2066,Termitas,Consumidor secundario,Venado,Herbivoría,6,18,2
2067,Águila harpía,Productor,Rana venenosa,Depredación,8,39,6
2068,Boa constrictor,Consumidor secundario,Hormiga cortadora,Herbivoría,5,20,3
2069,Águila harpía,Consumidor terciario,Mono araña,Competencia,3,14,5
2070,Termitas,Consumidor secundario,Rana venenosa,Descomposición,2,41,9
2071,Águila harpía,Productor,Rana venenosa,Depredación,4,6,9
2072,Tucán,Consumidor terciario,Jaguar,Depredación,5,43,6
2073,Anaconda,Consumidor primario,Rana venenosa,Descomposición,8,9,2
2074,Jaguar,Descomponedor,Hormiga cortadora,Competencia,8,41,5
2075,Boa constrictor,Consumidor terciario,Mono araña,Mutualismo,7,5,7
2076,Rana venenosa,Consumidor terciario,Hormiga cortadora,Competencia,10,25,1
2077,Venado,Consumidor secundario,Mono araña,Mutualismo,2,10,4
2078,Venado,Consumidor secundario,Jaguar,Herbivoría,7,40,3
2079,Rana venenosa,Consumidor terciario,Mono araña,Depredación,2,42,8
2080,Rana venenosa,Consumidor primario,Rana venenosa,Depredación,6,28,9
2081,Águila harpía,Descomponedor,Anaconda,Mutualismo,2,6,3
2082,Tucán,Descomponedor,Jaguar,Herbivoría,2,43,7
2083,Anaconda,Descomponedor,Anaconda,Herbivoría,6,29,3
2084,Venado,Productor,Rana venenosa,Herbivoría,1,28,4
2085,Mono araña,Consumidor primario,Águila harpía,Competencia,8,3,2
2086,Venado,Consumidor primario,Mono araña,Mutualismo,7,37,4
2087,Hormiga cortadora,Consumidor terciario,Hormiga cortadora,Mutualismo,3,19,2
2088,Anaconda,Consumidor secundario,Anaconda,Mutualismo,5,48,4
2089,Tucán,Consumidor terciario,Boa constrictor,Competencia,7,24,1
2090,Anaconda,Descomponedor,Águila harpía,Mutualismo,7,26,2
2091,Termitas,Consumidor primario,Águila harpía,Herbivoría,5,49,5
2092,Mono araña,Consumidor secundario,Anaconda,Mutualismo,4,4,9
2093,Termitas,Consumidor secundario,Rana venenosa,Mutualismo,6,35,6
2094,Boa constrictor,Consumidor secundario,Anaconda,Competencia,3,38,1
2095,Boa constrictor,Descomponedor,Termitas,Descomposición,9,20,6
2096,Boa constrictor,Consumidor terciario,Águila harpía,Herbivoría,9,16,5
2097,Anaconda,Consumidor primario,Anaconda,Depredación,3,19,8
2098,Boa constrictor,Productor,Hormiga cortadora,Descomposición,9,20,10
2099,Tucán,Descomponedor,Mono araña,Descomposición,5,26,9
2100,Tucán,Consumidor terciario,Hormiga cortadora,Mutualismo,4,20,8
2101,Boa constrictor,Productor,Águila harpía,Descomposición,7,16,1
2102,Águila harpía,Consumidor secundario,Venado,Competencia,2,27,10
2103,Rana venenosa,Descomponedor,Boa constrictor,Herbivoría,8,18,5
2104,Rana venenosa,Consumidor primario,Anaconda,Mutualismo,7,8,8
2105,Rana venenosa,Consumidor terciario,Rana venenosa,Mutualismo,10,27,6
2106,Jaguar,Consumidor secundario,Anaconda,Herbivoría,4,20,6
2107,Jaguar,Consumidor terciario,Anaconda,Descomposición,5,6,3
2108,Tucán,Productor,Rana venenosa,Descomposición,1,27,9
2109,Tucán,Consumidor terciario,Venado,Descomposición,9,39,8
2110,Boa constrictor,Consumidor primario,Anaconda,Depredación,3,48,7
2111,Tucán,Consumidor terciario,Rana venenosa,Depredación,6,8,10
2112,Águila harpía,Consumidor terciario,Venado,Mutualismo,3,17,9
2113,Águila harpía,Consumidor secundario,Boa constrictor,Herbivoría,9,50,6
2114,Anaconda,Consumidor secundario,Termitas,Mutualismo,7,50,3
2115,Águila harpía,Consumidor terciario,Águila harpía,Herbivoría,3,34,4
2116,Hormiga cortadora,Consumidor terciario,Jaguar,Mutualismo,1,37,4
2117,Hormiga cortadora,Productor,Jaguar,Competencia,7,3,1
2118,Águila harpía,Consumidor primario,Águila harpía,Competencia,6,5,4
2119,Tucán,Consumidor terciario,Anaconda,Competencia,1,28,1
2120,Anaconda,Consumidor secundario,Mono araña,Descomposición,7,19,3
2121,Termitas,Consumidor terciario,Jaguar,Descomposición,9,50,1
2122,Anaconda,Consumidor secundario,Jaguar,Competencia,4,4,2
2123,Anaconda,Descomponedor,Anaconda,Depredación,6,9,9
2124,Hormiga cortadora,Consumidor primario,Venado,Mutualismo,8,38,7
2125,Boa constrictor,Descomponedor,Anaconda,Competencia,2,50,8
2126,Anaconda,Consumidor primario,Venado,Depredación,2,27,10
2127,Tucán,Consumidor primario,Tucán,Descomposición,5,44,10
2128,Águila harpía,Consumidor primario,Tucán,Descomposición,9,38,6
2129,Hormiga cortadora,Consumidor terciario,Jaguar,Descomposición,6,23,6
2130,Mono araña,Consumidor primario,Rana venenosa,Descomposición,2,16,3
2131,Venado,Productor,Águila harpía,Descomposición,6,32,2
2132,Jaguar,Descomponedor,Jaguar,Mutualismo,3,11,6
2133,Hormiga cortadora,Descomponedor,Águila harpía,Mutualismo,7,8,10
2134,Boa constrictor,Descomponedor,Hormiga cortadora,Descomposición,4,12,5
2135,Águila harpía,Consumidor primario,Boa constrictor,Mutualismo,1,33,1
2136,Rana venenosa,Consumidor secundario,Rana venenosa,Depredación,7,6,6
2137,Anaconda,Consumidor terciario,Jaguar,Competencia,3,13,4
2138,Venado,Productor,Jaguar,Descomposición,5,2,7
2139,Boa constrictor,Consumidor secundario,Anaconda,Descomposición,4,50,6
2140,Venado,Productor,Hormiga cortadora,Mutualismo,2,22,7
2141,Anaconda,Consumidor secundario,Rana venenosa,Herbivoría,7,28,5
2142,Jaguar,Consumidor primario,Jaguar,Herbivoría,3,47,10
2143,Jaguar,Consumidor terciario,Boa constrictor,Mutualismo,8,46,1
2144,Tucán,Descomponedor,Rana venenosa,Depredación,10,33,6
2145,Hormiga cortadora,Consumidor terciario,Jaguar,Competencia,8,10,6
2146,Tucán,Consumidor terciario,Jaguar,Mutualismo,2,1,7
2147,Rana venenosa,Descomponedor,Anaconda,Competencia,1,47,10
2148,Termitas,Descomponedor,Jaguar,Descomposición,3,23,5
2149,Tucán,Consumidor secundario,Hormiga cortadora,Competencia,6,21,7
2150,Venado,Consumidor secundario,Rana venenosa,Descomposición,10,44,7
2151,Jaguar,Productor,Águila harpía,Competencia,10,43,8
2152,Anaconda,Productor,Boa constrictor,Depredación,4,46,7
2153,Boa constrictor,Consumidor terciario,Termitas,Mutualismo,2,32,4
2154,Tucán,Descomponedor,Jaguar,Descomposición,1,49,10
2155,Venado,Consumidor terciario,Rana venenosa,Mutualismo,1,38,2
2156,Anaconda,Consumidor terciario,Mono araña,Herbivoría,3,15,10
2157,Mono araña,Descomponedor,Boa constrictor,Depredación,5,12,8
2158,Hormiga cortadora,Productor,Anaconda,Mutualismo,3,2,9
2159,Anaconda,Consumidor primario,Águila harpía,Descomposición,1,41,2
2160,Jaguar,Productor,Termitas,Mutualismo,7,50,1
2161,Boa constrictor,Productor,Jaguar,Herbivoría,3,15,5
2162,Hormiga cortadora,Consumidor secundario,Boa constrictor,Depredación,5,26,4
2163,Águila harpía,Consumidor primario,Tucán,Depredación,3,18,3
2164,Boa constrictor,Consumidor secundario,Jaguar,Herbivoría,9,49,4
2165,Rana venenosa,Consumidor terciario,Hormiga cortadora,Competencia,9,14,5
2166,Venado,Consumidor primario,Anaconda,Mutualismo,3,21,5
2167,Águila harpía,Consumidor secundario,Anaconda,Competencia,5,43,2
2168,Águila harpía,Descomponedor,Rana venenosa,Herbivoría,10,40,4
2169,Rana venenosa,Consumidor primario,Venado,Mutualismo,2,37,5
2170,Anaconda,Consumidor primario,Anaconda,Competencia,4,47,3
2171,Tucán,Consumidor terciario,Águila harpía,Mutualismo,3,12,4
2172,Termitas,Consumidor primario,Termitas,Herbivoría,5,37,5
2173,Boa constrictor,Consumidor primario,Águila harpía,Descomposición,9,40,10
2174,Anaconda,Consumidor terciario,Termitas,Descomposición,6,19,1
2175,Águila harpía,Consumidor secundario,Mono araña,Depredación,4,48,8
2176,Termitas,Descomponedor,Águila harpía,Competencia,6,23,5
2177,Tucán,Consumidor terciario,Tucán,Herbivoría,10,13,3
2178,Termitas,Productor,Termitas,Competencia,2,10,1
2179,Tucán,Descomponedor,Mono araña,Depredación,5,17,5
2180,Rana venenosa,Productor,Termitas,Herbivoría,4,38,2
2181,Rana venenosa,Consumidor primario,Anaconda,Mutualismo,3,42,9
2182,Águila harpía,Productor,Termitas,Descomposición,6,15,6
2183,Termitas,Descomponedor,Águila harpía,Depredación,9,1,10
2184,Hormiga cortadora,Consumidor secundario,Rana venenosa,Depredación,5,24,7
2185,Tucán,Productor,Tucán,Descomposición,8,12,4
2186,Rana venenosa,Consumidor primario,Venado,Descomposición,5,38,10
2187,Boa constrictor,Consumidor primario,Anaconda,Descomposición,2,50,6
2188,Boa constrictor,Consumidor primario,Venado,Mutualismo,3,37,6
2189,Jaguar,Consumidor terciario,Anaconda,Herbivoría,4,42,1
2190,Termitas,Consumidor secundario,Termitas,Descomposición,10,18,5
2191,Termitas,Productor,Águila harpía,Herbivoría,3,4,7
2192,Jaguar,Productor,Boa constrictor,Descomposición,7,45,4
2193,Jaguar,Productor,Hormiga cortadora,Depredación,8,43,7
2194,Boa constrictor,Consumidor terciario,Hormiga cortadora,Descomposición,2,27,9
2195,Jaguar,Consumidor terciario,Rana venenosa,Competencia,8,29,2
2196,Mono araña,Consumidor secundario,Águila harpía,Herbivoría,9,39,8
2197,Venado,Consumidor terciario,Boa constrictor,Descomposición,5,31,3
2198,Hormiga cortadora,Productor,Venado,Depredación,3,16,1
2199,Hormiga cortadora,Consumidor secundario,Mono araña,Descomposición,4,47,4
2200,Rana venenosa,Consumidor secundario,Venado,Competencia,7,4,2
2201,Boa constrictor,Consumidor terciario,Termitas,Depredación,7,9,8
2202,Rana venenosa,Descomponedor,Águila harpía,Descomposición,5,14,1
2203,Termitas,Consumidor terciario,Mono araña,Competencia,8,43,10
2204,Termitas,Consumidor secundario,Tucán,Herbivoría,5,17,2
2205,Rana venenosa,Consumidor secundario,Rana venenosa,Mutualismo,7,11,2
2206,Águila harpía,Consumidor secundario,Boa constrictor,Mutualismo,5,11,9
2207,Hormiga cortadora,Consumidor secundario,Rana venenosa,Herbivoría,8,35,10
2208,Hormiga cortadora,Consumidor secundario,Águila harpía,Herbivoría,8,40,3
2209,Tucán,Productor,Boa constrictor,Herbivoría,5,8,5
2210,Rana venenosa,Descomponedor,Hormiga cortadora,Descomposición,10,47,3
2211,Jaguar,Consumidor terciario,Termitas,Descomposición,3,31,2
2212,Jaguar,Consumidor terciario,Jaguar,Descomposición,6,32,9
2213,Venado,Descomponedor,Boa constrictor,Herbivoría,9,47,3
2214,Anaconda,Descomponedor,Termitas,Depredación,10,1,10
2215,Boa constrictor,Descomponedor,Venado,Competencia,10,1,4
2216,Jaguar,Consumidor primario,Anaconda,Mutualismo,8,44,6
2217,Hormiga cortadora,Productor,Mono araña,Mutualismo,9,11,6
2218,Termitas,Consumidor terciario,Hormiga cortadora,Descomposición,8,17,6
2219,Mono araña,Productor,Termitas,Competencia,1,39,2
2220,Jaguar,Consumidor secundario,Jaguar,Competencia,5,4,9
2221,Venado,Consumidor secundario,Mono araña,Depredación,9,47,6
2222,Boa constrictor,Descomponedor,Anaconda,Depredación,6,43,9
2223,Anaconda,Descomponedor,Boa constrictor,Herbivoría,6,26,2
2224,Jaguar,Consumidor terciario,Termitas,Herbivoría,5,5,1
2225,Venado,Consumidor secundario,Anaconda,Competencia,4,6,8
2226,Boa constrictor,Consumidor secundario,Jaguar,Depredación,2,43,8
2227,Anaconda,Descomponedor,Tucán,Depredación,1,49,4
2228,Jaguar,Consumidor primario,Venado,Depredación,4,46,1
2229,Jaguar,Consumidor terciario,Boa constrictor,Mutualismo,9,16,5
2230,Venado,Consumidor terciario,Boa constrictor,Descomposición,1,21,1
2231,Termitas,Consumidor secundario,Mono araña,Depredación,1,17,1
2232,Tucán,Consumidor secundario,Águila harpía,Competencia,6,30,2
2233,Anaconda,Consumidor secundario,Rana venenosa,Descomposición,1,5,10
2234,Jaguar,Descomponedor,Boa constrictor,Competencia,6,37,3
2235,Jaguar,Consumidor secundario,Hormiga cortadora,Depredación,3,37,8
2236,Hormiga cortadora,Productor,Águila harpía,Descomposición,7,34,10
2237,Boa constrictor,Consumidor secundario,Venado,Competencia,7,2,8
2238,Hormiga cortadora,Consumidor secundario,Hormiga cortadora,Competencia,1,24,5
2239,Termitas,Consumidor secundario,Boa constrictor,Herbivoría,10,1,6
2240,Águila harpía,Consumidor secundario,Hormiga cortadora,Descomposición,7,24,10
2241,Rana venenosa,Consumidor terciario,Jaguar,Depredación,2,11,9
2242,Venado,Productor,Águila harpía,Mutualismo,9,39,4
2243,Venado,Consumidor terciario,Mono araña,Descomposición,3,25,3
2244,Águila harpía,Descomponedor,Venado,Depredación,4,48,7
2245,Boa constrictor,Consumidor primario,Hormiga cortadora,Mutualismo,3,18,10
2246,Tucán,Consumidor terciario,Anaconda,Herbivoría,4,17,4
2247,Termitas,Descomponedor,Hormiga cortadora,Depredación,1,18,5
2248,Anaconda,Productor,Venado,Descomposición,9,14,10
2249,Termitas,Consumidor primario,Águila harpía,Herbivoría,5,36,5
2250,Mono araña,Consumidor secundario,Anaconda,Descomposición,3,6,6
2251,Venado,Consumidor terciario,Tucán,Descomposición,7,10,5
2252,Rana venenosa,Consumidor secundario,Jaguar,Descomposición,2,17,5
2253,Rana venenosa,Consumidor secundario,Venado,Herbivoría,5,43,6
2254,Mono araña,Descomponedor,Hormiga cortadora,Herbivoría,3,43,5
2255,Tucán,Consumidor primario,Rana venenosa,Competencia,4,8,2
2256,Rana venenosa,Consumidor secundario,Águila harpía,Descomposición,3,40,8
2257,Rana venenosa,Consumidor secundario,Tucán,Herbivoría,1,2,3
2258,Jaguar,Consumidor terciario,Hormiga cortadora,Competencia,7,45,3
2259,Tucán,Descomponedor,Venado,Herbivoría,1,14,5
2260,Tucán,Productor,Águila harpía,Descomposición,2,19,8
2261,Mono araña,Consumidor primario,Termitas,Herbivoría,7,39,6
2262,Termitas,Consumidor terciario,Anaconda,Herbivoría,9,12,10
2263,Venado,Consumidor secundario,Hormiga cortadora,Herbivoría,4,38,2
2264,Venado,Productor,Boa constrictor,Herbivoría,3,16,4
2265,Tucán,Descomponedor,Anaconda,Descomposición,7,24,3
2266,Águila harpía,Descomponedor,Hormiga cortadora,Competencia,2,46,3
2267,Rana venenosa,Consumidor primario,Rana venenosa,Competencia,2,15,3
2268,Hormiga cortadora,Consumidor primario,Tucán,Descomposición,9,23,9
2269,Rana venenosa,Consumidor secundario,Venado,Competencia,5,47,10
2270,Anaconda,Consumidor primario,Boa constrictor,Competencia,6,18,4
2271,Rana venenosa,Descomponedor,Boa constrictor,Depredación,8,26,2
2272,Hormiga cortadora,Consumidor secundario,Rana venenosa,Descomposición,8,42,7
2273,Jaguar,Productor,Hormiga cortadora,Descomposición,2,13,5
2274,Jaguar,Consumidor secundario,Termitas,Competencia,3,28,7
2275,Tucán,Consumidor secundario,Termitas,Competencia,9,24,10
2276,Termitas,Productor,Boa constrictor,Herbivoría,7,44,9
2277,Termitas,Consumidor secundario,Rana venenosa,Mutualismo,4,10,2
2278,Jaguar,Productor,Tucán,Herbivoría,7,28,2
2279,Hormiga cortadora,Consumidor primario,Venado,Competencia,2,22,4
2280,Tucán,Productor,Tucán,Depredación,9,5,4
2281,Jaguar,Consumidor secundario,Rana venenosa,Herbivoría,9,20,7
2282,Águila harpía,Consumidor secundario,Hormiga cortadora,Descomposición,2,11,10
2283,Rana venenosa,Productor,Tucán,Herbivoría,1,40,4
2284,Termitas,Consumidor primario,Hormiga cortadora,Depredación,5,13,5
2285,Anaconda,Consumidor primario,Rana venenosa,Competencia,4,50,5
2286,Termitas,Consumidor terciario,Venado,Descomposición,5,23,8
2287,Venado,Consumidor primario,Anaconda,Mutualismo,5,8,6
2288,Tucán,Productor,Venado,Competencia,6,9,8
2289,Jaguar,Consumidor primario,Venado,Herbivoría,1,20,1
2290,Tucán,Consumidor secundario,Rana venenosa,Herbivoría,5,32,3
2291,Rana venenosa,Consumidor terciario,Mono araña,Mutualismo,3,43,3
2292,Hormiga cortadora,Consumidor primario,Hormiga cortadora,Depredación,4,28,10
2293,Águila harpía,Consumidor secundario,Jaguar,Mutualismo,7,38,7
2294,Mono araña,Consumidor secundario,Mono araña,Herbivoría,9,20,2
2295,Tucán,Consumidor secundario,Jaguar,Competencia,3,12,5
2296,Jaguar,Productor,Tucán,Competencia,6,6,6
2297,Águila harpía,Consumidor secundario,Mono araña,Depredación,5,34,8
2298,Boa constrictor,Descomponedor,Venado,Depredación,2,2,9
2299,Hormiga cortadora,Descomponedor,Hormiga cortadora,Herbivoría,4,34,5
2300,Jaguar,Consumidor secundario,Tucán,Competencia,3,45,3
2301,Águila harpía,Consumidor primario,Boa constrictor,Depredación,9,33,7
2302,Boa constrictor,Consumidor secundario,Termitas,Herbivoría,6,45,3
2303,Águila harpía,Consumidor primario,Rana venenosa,Herbivoría,1,32,9
2304,Águila harpía,Consumidor secundario,Águila harpía,Competencia,1,46,9
2305,Anaconda,Productor,Tucán,Descomposición,9,8,4
2306,Mono araña,Descomponedor,Termitas,Depredación,3,38,2
2307,Tucán,Productor,Tucán,Descomposición,5,37,5
2308,Venado,Consumidor terciario,Tucán,Descomposición,10,7,3
2309,Boa constrictor,Consumidor secundario,Jaguar,Depredación,9,23,5
2310,Boa constrictor,Consumidor primario,Venado,Competencia,6,30,6
2311,Mono araña,Productor,Venado,Herbivoría,10,42,9
2312,Termitas,Productor,Rana venenosa,Depredación,3,43,2
2313,Hormiga cortadora,Consumidor primario,Jaguar,Competencia,7,41,7
2314,Águila harpía,Consumidor terciario,Boa constrictor,Competencia,8,19,9
2315,Tucán,Productor,Rana venenosa,Competencia,5,36,3
2316,Boa constrictor,Consumidor terciario,Águila harpía,Herbivoría,3,43,1
2317,Tucán,Consumidor primario,Mono araña,Depredación,2,7,9
2318,Rana venenosa,Consumidor terciario,Anaconda,Competencia,6,7,2
2319,Venado,Productor,Jaguar,Depredación,6,34,2
2320,Hormiga cortadora,Consumidor secundario,Águila harpía,Competencia,6,38,10
2321,Águila harpía,Consumidor terciario,Hormiga cortadora,Descomposición,4,20,5
2322,Mono araña,Consumidor secundario,Termitas,Descomposición,4,22,9
2323,Anaconda,Consumidor terciario,Mono araña,Herbivoría,3,26,7
2324,Termitas,Descomponedor,Rana venenosa,Descomposición,10,1,3
2325,Tucán,Descomponedor,Águila harpía,Depredación,8,15,6
2326,Termitas,Consumidor terciario,Rana venenosa,Descomposición,1,43,3
2327,Anaconda,Consumidor secundario,Jaguar,Competencia,2,26,6
2328,Jaguar,Consumidor secundario,Hormiga cortadora,Mutualismo,1,22,1
2329,Venado,Productor,Termitas,Mutualismo,8,15,3
2330,Rana venenosa,Consumidor terciario,Termitas,Mutualismo,10,16,3
2331,Jaguar,Consumidor primario,Hormiga cortadora,Descomposición,7,28,5
2332,Termitas,Descomponedor,Hormiga cortadora,Mutualismo,2,48,8
2333,Venado,Consumidor terciario,Boa constrictor,Mutualismo,1,14,4
2334,Venado,Descomponedor,Rana venenosa,Depredación,6,48,10
2335,Tucán,Consumidor terciario,Jaguar,Mutualismo,3,10,5
2336,Anaconda,Consumidor primario,Águila harpía,Mutualismo,2,48,7
2337,Hormiga cortadora,Productor,Anaconda,Competencia,7,13,9
2338,Venado,Productor,Termitas,Descomposición,3,47,2
2339,Venado,Productor,Termitas,Descomposición,8,40,3
2340,Jaguar,Productor,Jaguar,Descomposición,4,19,8
2341,Águila harpía,Productor,Águila harpía,Mutualismo,9,19,7
2342,Venado,Consumidor primario,Mono araña,Mutualismo,2,29,6
2343,Jaguar,Consumidor terciario,Mono araña,Descomposición,10,1,6
2344,Mono araña,Productor,Jaguar,Mutualismo,7,26,8
2345,Rana venenosa,Consumidor terciario,Jaguar,Depredación,7,10,5
2346,Águila harpía,Consumidor secundario,Boa constrictor,Depredación,6,1,10
2347,Jaguar,Descomponedor,Boa constrictor,Herbivoría,3,31,8
2348,Águila harpía,Descomponedor,Rana venenosa,Competencia,3,8,8
2349,Águila harpía,Consumidor primario,Boa constrictor,Competencia,4,46,3
2350,Anaconda,Descomponedor,Venado,Competencia,1,49,2
2351,Anaconda,Consumidor terciario,Anaconda,Herbivoría,6,50,10
2352,Águila harpía,Productor,Termitas,Depredación,10,21,9
2353,Águila harpía,Consumidor primario,Anaconda,Mutualismo,3,21,7
2354,Tucán,Consumidor terciario,Termitas,Competencia,10,3,10
2355,Termitas,Consumidor secundario,Boa constrictor,Descomposición,4,13,3
2356,Rana venenosa,Descomponedor,Anaconda,Mutualismo,10,16,4
2357,Jaguar,Consumidor primario,Boa constrictor,Competencia,1,43,1
2358,Hormiga cortadora,Consumidor terciario,Jaguar,Competencia,9,23,9
2359,Venado,Productor,Boa constrictor,Competencia,3,12,8
2360,Anaconda,Consumidor terciario,Rana venenosa,Descomposición,2,11,9
2361,Venado,Descomponedor,Hormiga cortadora,Depredación,2,30,7
2362,Hormiga cortadora,Productor,Termitas,Herbivoría,7,40,1
2363,Hormiga cortadora,Consumidor primario,Tucán,Competencia,7,30,8
2364,Boa constrictor,Consumidor primario,Venado,Herbivoría,7,21,8
2365,Rana venenosa,Consumidor terciario,Termitas,Competencia,4,33,9
2366,Termitas,Consumidor primario,Mono araña,Descomposición,6,37,3
2367,Venado,Consumidor terciario,Anaconda,Depredación,6,24,1
2368,Termitas,Consumidor primario,Venado,Depredación,7,16,2
2369,Hormiga cortadora,Consumidor secundario,Hormiga cortadora,Herbivoría,9,32,4
2370,Venado,Consumidor secundario,Termitas,Herbivoría,7,35,8
2371,Boa constrictor,Productor,Jaguar,Competencia,9,37,1
2372,Anaconda,Consumidor primario,Jaguar,Mutualismo,2,25,10
2373,Tucán,Productor,Mono araña,Depredación,9,40,8
2374,Boa constrictor,Consumidor primario,Venado,Depredación,3,13,9
2375,Rana venenosa,Productor,Tucán,Depredación,5,19,6
2376,Rana venenosa,Consumidor terciario,Tucán,Descomposición,5,42,9
2377,Jaguar,Productor,Venado,Descomposición,2,19,9
2378,Rana venenosa,Consumidor secundario,Venado,Competencia,6,19,10
2379,Rana venenosa,Consumidor terciario,Águila harpía,Descomposición,5,32,8
2380,Termitas,Productor,Rana venenosa,Herbivoría,9,35,2
2381,Rana venenosa,Productor,Mono araña,Descomposición,2,27,1
2382,Boa constrictor,Productor,Venado,Mutualismo,10,34,9
2383,Termitas,Consumidor primario,Venado,Mutualismo,7,30,3
2384,Boa constrictor,Consumidor primario,Boa constrictor,Depredación,8,50,7
2385,Águila harpía,Descomponedor,Rana venenosa,Depredación,4,9,10
2386,Águila harpía,Consumidor secundario,Jaguar,Mutualismo,1,48,1
2387,Hormiga cortadora,Consumidor terciario,Boa constrictor,Depredación,6,22,4
2388,Boa constrictor,Productor,Boa constrictor,Depredación,5,32,2
2389,Anaconda,Consumidor primario,Mono araña,Depredación,2,31,9
2390,Venado,Descomponedor,Mono araña,Depredación,8,43,9
2391,Águila harpía,Consumidor secundario,Hormiga cortadora,Descomposición,9,22,6
2392,Venado,Productor,Hormiga cortadora,Herbivoría,8,12,6
2393,Hormiga cortadora,Descomponedor,Mono araña,Mutualismo,7,40,4
2394,Rana venenosa,Consumidor primario,Rana venenosa,Depredación,6,13,6
2395,Venado,Consumidor primario,Boa constrictor,Depredación,5,36,10
2396,Águila harpía,Productor,Termitas,Depredación,5,49,1
2397,Anaconda,Consumidor primario,Águila harpía,Mutualismo,3,8,1
2398,Águila harpía,Descomponedor,Águila harpía,Competencia,10,10,3
2399,Termitas,Descomponedor,Águila harpía,Mutualismo,6,13,6
2400,Boa constrictor,Consumidor secundario,Rana venenosa,Descomposición,6,6,8
2401,Mono araña,Descomponedor,Venado,Depredación,1,28,3
2402,Anaconda,Descomponedor,Venado,Descomposición,2,39,4
2403,Jaguar,Descomponedor,Anaconda,Herbivoría,8,7,6
2404,Termitas,Productor,Águila harpía,Mutualismo,1,50,6
2405,Hormiga cortadora,Consumidor secundario,Venado,Competencia,8,23,2
2406,Tucán,Consumidor secundario,Jaguar,Descomposición,2,14,2
2407,Boa constrictor,Descomponedor,Anaconda,Competencia,9,2,9
2408,Jaguar,Productor,Mono araña,Herbivoría,6,36,8
2409,Jaguar,Consumidor terciario,Jaguar,Mutualismo,2,20,7
2410,Boa constrictor,Consumidor secundario,Anaconda,Herbivoría,4,13,5
2411,Mono araña,Consumidor secundario,Anaconda,Competencia,10,43,8
2412,Hormiga cortadora,Consumidor primario,Rana venenosa,Descomposición,2,18,9
2413,Boa constrictor,Consumidor terciario,Águila harpía,Competencia,3,37,6
2414,Rana venenosa,Consumidor terciario,Tucán,Competencia,6,16,5
2415,Venado,Descomponedor,Mono araña,Depredación,3,28,4
2416,Tucán,Consumidor secundario,Venado,Mutualismo,7,6,5
2417,Termitas,Consumidor terciario,Anaconda,Depredación,8,33,5
2418,Tucán,Consumidor secundario,Hormiga cortadora,Descomposición,7,24,7
2419,Tucán,Productor,Rana venenosa,Depredación,7,16,4
2420,Anaconda,Descomponedor,Boa constrictor,Herbivoría,7,21,2
2421,Rana venenosa,Descomponedor,Termitas,Descomposición,7,45,8
2422,Boa constrictor,Consumidor secundario,Anaconda,Depredación,4,7,2
2423,Tucán,Consumidor primario,Jaguar,Depredación,6,2,9
2424,Águila harpía,Consumidor primario,Boa constrictor,Competencia,3,27,1
2425,Rana venenosa,Consumidor terciario,Águila harpía,Descomposición,3,47,3
2426,Tucán,Productor,Anaconda,Herbivoría,1,44,7
2427,Hormiga cortadora,Consumidor terciario,Águila harpía,Herbivoría,2,5,5
2428,Hormiga cortadora,Consumidor primario,Hormiga cortadora,Mutualismo,6,30,10
2429,Termitas,Descomponedor,Rana venenosa,Competencia,1,49,5
2430,Boa constrictor,Consumidor terciario,Termitas,Depredación,1,1,9
2431,Jaguar,Consumidor terciario,Jaguar,Mutualismo,9,49,2
2432,Termitas,Descomponedor,Águila harpía,Mutualismo,5,25,3
2433,Hormiga cortadora,Consumidor terciario,Hormiga cortadora,Depredación,9,10,5
2434,Anaconda,Consumidor secundario,Rana venenosa,Depredación,3,27,6
2435,Tucán,Descomponedor,Jaguar,Depredación,4,28,4
2436,Mono araña,Consumidor terciario,Rana venenosa,Mutualismo,9,22,10
2437,Venado,Consumidor secundario,Anaconda,Competencia,3,3,2
2438,Tucán,Consumidor primario,Anaconda,Herbivoría,6,16,5
2439,Termitas,Productor,Rana venenosa,Competencia,8,32,7
2440,Águila harpía,Consumidor primario,Tucán,Herbivoría,4,17,2
2441,Rana venenosa,Consumidor terciario,Mono araña,Descomposición,9,17,4
2442,Venado,Productor,Anaconda,Descomposición,6,48,9
2443,Tucán,Productor,Termitas,Competencia,5,1,1
2444,Mono araña,Descomponedor,Anaconda,Depredación,5,14,6
2445,Tucán,Consumidor secundario,Anaconda,Depredación,10,17,2
2446,Hormiga cortadora,Consumidor terciario,Boa constrictor,Depredación,3,3,8
2447,Jaguar,Descomponedor,Mono araña,Herbivoría,6,20,6
2448,Venado,Consumidor terciario,Rana venenosa,Descomposición,1,27,6
2449,Anaconda,Productor,Anaconda,Competencia,9,21,4
2450,Venado,Productor,Venado,Mutualismo,7,45,10
2451,Termitas,Productor,Rana venenosa,Mutualismo,8,50,8
2452,Águila harpía,Consumidor primario,Rana venenosa,Competencia,3,16,4
2453,Águila harpía,Productor,Venado,Mutualismo,2,33,2
2454,Anaconda,Consumidor secundario,Jaguar,Competencia,2,45,6
2455,Rana venenosa,Consumidor primario,Hormiga cortadora,Competencia,2,50,10
2456,Águila harpía,Descomponedor,Venado,Herbivoría,4,26,8
2457,Termitas,Consumidor primario,Venado,Mutualismo,8,17,1
2458,Hormiga cortadora,Descomponedor,Boa constrictor,Herbivoría,2,47,8
2459,Termitas,Productor,Rana venenosa,Mutualismo,8,41,2
2460,Termitas,Descomponedor,Termitas,Depredación,9,4,9
2461,Tucán,Consumidor secundario,Jaguar,Herbivoría,7,1,10
2462,Boa constrictor,Productor,Jaguar,Mutualismo,2,47,8
2463,Águila harpía,Consumidor secundario,Hormiga cortadora,Descomposición,9,29,3
2464,Tucán,Productor,Rana venenosa,Herbivoría,5,24,8
2465,Anaconda,Productor,Anaconda,Descomposición,5,2,4
2466,Tucán,Consumidor terciario,Mono araña,Competencia,2,46,5
2467,Tucán,Productor,Tucán,Descomposición,5,6,5
2468,Mono araña,Consumidor primario,Boa constrictor,Herbivoría,1,20,7
2469,Jaguar,Productor,Águila harpía,Mutualismo,7,20,3
2470,Rana venenosa,Consumidor secundario,Tucán,Depredación,6,31,8
2471,Venado,Consumidor primario,Águila harpía,Mutualismo,7,18,9
2472,Boa constrictor,Productor,Termitas,Descomposición,2,19,6
2473,Águila harpía,Descomponedor,Termitas,Mutualismo,8,24,7
2474,Hormiga cortadora,Consumidor terciario,Termitas,Depredación,5,19,4
2475,Venado,Consumidor primario,Mono araña,Mutualismo,1,12,5
2476,Termitas,Descomponedor,Anaconda,Descomposición,1,20,7
2477,Tucán,Consumidor terciario,Águila harpía,Descomposición,5,6,10
2478,Águila harpía,Consumidor primario,Boa constrictor,Competencia,8,4,1
2479,Jaguar,Consumidor secundario,Venado,Mutualismo,7,25,8
2480,Anaconda,Descomponedor,Anaconda,Descomposición,3,26,8
2481,Boa constrictor,Descomponedor,Hormiga cortadora,Competencia,5,32,5
2482,Águila harpía,Descomponedor,Termitas,Herbivoría,10,1,10
2483,Hormiga cortadora,Productor,Jaguar,Herbivoría,5,11,1
2484,Venado,Consumidor primario,Termitas,Mutualismo,9,11,6
2485,Rana venenosa,Consumidor primario,Rana venenosa,Descomposición,8,39,9
2486,Águila harpía,Consumidor secundario,Termitas,Depredación,6,14,10
2487,Tucán,Productor,Águila harpía,Descomposición,6,6,5
2488,Venado,Consumidor terciario,Venado,Herbivoría,2,37,7
2489,Tucán,Consumidor primario,Termitas,Competencia,6,44,4
2490,Tucán,Consumidor terciario,Tucán,Mutualismo,8,43,6
2491,Hormiga cortadora,Productor,Boa constrictor,Competencia,10,37,5
2492,Hormiga cortadora,Productor,Tucán,Depredación,7,34,9
2493,Águila harpía,Consumidor primario,Tucán,Herbivoría,9,12,10
2494,Mono araña,Consumidor primario,Rana venenosa,Competencia,5,8,1
2495,Anaconda,Productor,Hormiga cortadora,Herbivoría,4,3,10
2496,Termitas,Consumidor primario,Jaguar,Descomposición,7,42,10
2497,Rana venenosa,Consumidor primario,Tucán,Mutualismo,9,1,4
2498,Rana venenosa,Consumidor terciario,Boa constrictor,Herbivoría,9,9,7
2499,Termitas,Consumidor secundario,Rana venenosa,Descomposición,1,12,1
2500,Tucán,Consumidor secundario,Rana venenosa,Herbivoría,4,29,5
2501,Hormiga cortadora,Consumidor terciario,Mono araña,Competencia,8,48,3
2502,Anaconda,Productor,Boa constrictor,Mutualismo,5,42,1
2503,Venado,Consumidor terciario,Jaguar,Depredación,5,9,10
2504,Águila harpía,Consumidor secundario,Águila harpía,Herbivoría,5,40,8
2505,Tucán,Consumidor primario,Tucán,Mutualismo,4,10,8
2506,Venado,Consumidor terciario,Rana venenosa,Descomposición,6,41,2
2507,Mono araña,Consumidor secundario,Rana venenosa,Herbivoría,8,33,7
2508,Anaconda,Consumidor primario,Tucán,Competencia,5,18,9
2509,Venado,Descomponedor,Mono araña,Descomposición,3,44,7
2510,Hormiga cortadora,Consumidor primario,Anaconda,Depredación,7,1,4
2511,Termitas,Consumidor secundario,Mono araña,Descomposición,2,48,6
2512,Mono araña,Consumidor secundario,Mono araña,Herbivoría,10,1,6
2513,Termitas,Consumidor secundario,Hormiga cortadora,Mutualismo,8,15,4
2514,Tucán,Consumidor terciario,Jaguar,Descomposición,2,35,2
2515,Águila harpía,Productor,Boa constrictor,Competencia,8,16,5
2516,Jaguar,Consumidor secundario,Anaconda,Herbivoría,4,3,6
2517,Rana venenosa,Productor,Águila harpía,Herbivoría,4,5,3
2518,Tucán,Descomponedor,Termitas,Depredación,4,28,4
2519,Tucán,Descomponedor,Hormiga cortadora,Competencia,5,30,8
2520,Anaconda,Descomponedor,Jaguar,Competencia,7,14,9
2521,Águila harpía,Consumidor terciario,Boa constrictor,Mutualismo,2,18,7
2522,Venado,Consumidor secundario,Anaconda,Descomposición,9,28,8
2523,Tucán,Descomponedor,Rana venenosa,Depredación,3,32,1
2524,Rana venenosa,Consumidor secundario,Hormiga cortadora,Depredación,8,5,7
2525,Venado,Consumidor secundario,Águila harpía,Depredación,9,49,7
2526,Jaguar,Productor,Venado,Competencia,2,4,2
2527,Venado,Consumidor terciario,Águila harpía,Depredación,2,36,9
2528,Tucán,Productor,Anaconda,Competencia,3,41,2
2529,Tucán,Productor,Tucán,Mutualismo,5,10,3
2530,Águila harpía,Productor,Mono araña,Competencia,2,5,2
2531,Venado,Descomponedor,Anaconda,Herbivoría,10,50,9
2532,Tucán,Consumidor primario,Tucán,Competencia,7,34,6
2533,Boa constrictor,Consumidor secundario,Águila harpía,Depredación,9,34,5
2534,Tucán,Descomponedor,Mono araña,Mutualismo,8,50,6
2535,Rana venenosa,Descomponedor,Mono araña,Competencia,9,25,10
2536,Tucán,Productor,Termitas,Mutualismo,8,37,6
2537,Venado,Consumidor terciario,Venado,Descomposición,10,13,9
2538,Hormiga cortadora,Consumidor secundario,Tucán,Competencia,10,3,9
2539,Rana venenosa,Consumidor primario,Rana venenosa,Mutualismo,8,46,6
2540,Termitas,Productor,Mono araña,Herbivoría,2,21,1
2541,Águila harpía,Descomponedor,Termitas,Descomposición,3,37,7
2542,Venado,Descomponedor,Venado,Mutualismo,2,30,8
2543,Venado,Consumidor terciario,Rana venenosa,Descomposición,1,44,8
2544,Águila harpía,Productor,Tucán,Herbivoría,2,33,4
2545,Anaconda,Descomponedor,Boa constrictor,Depredación,2,37,3
2546,Tucán,Descomponedor,Tucán,Depredación,1,12,6
2547,Venado,Consumidor primario,Águila harpía,Mutualismo,6,24,3
2548,Rana venenosa,Consumidor terciario,Termitas,Descomposición,7,9,3
2549,Jaguar,Descomponedor,Anaconda,Depredación,8,46,8
2550,Termitas,Consumidor primario,Anaconda,Depredación,6,6,7
2551,Mono araña,Consumidor primario,Anaconda,Mutualismo,9,4,1
2552,Boa constrictor,Consumidor secundario,Boa constrictor,Competencia,7,46,7
2553,Anaconda,Consumidor terciario,Tucán,Depredación,6,38,6
2554,Venado,Consumidor terciario,Tucán,Mutualismo,8,25,10
2555,Mono araña,Consumidor primario,Termitas,Descomposición,10,37,9
2556,Mono araña,Descomponedor,Anaconda,Depredación,7,21,2
2557,Termitas,Consumidor terciario,Termitas,Mutualismo,3,8,2
2558,Rana venenosa,Consumidor secundario,Águila harpía,Descomposición,1,7,9
2559,Termitas,Consumidor primario,Hormiga cortadora,Depredación,7,24,8
2560,Venado,Consumidor terciario,Águila harpía,Herbivoría,9,38,10
2561,Jaguar,Descomponedor,Hormiga cortadora,Depredación,5,34,9
2562,Boa constrictor,Productor,Rana venenosa,Mutualismo,2,35,10
2563,Anaconda,Descomponedor,Venado,Descomposición,6,22,8
2564,Termitas,Consumidor secundario,Tucán,Herbivoría,10,14,1
2565,Hormiga cortadora,Productor,Jaguar,Herbivoría,8,20,5
2566,Mono araña,Consumidor secundario,Venado,Herbivoría,4,34,10
2567,Mono araña,Descomponedor,Hormiga cortadora,Mutualismo,3,21,2
2568,Hormiga cortadora,Productor,Rana venenosa,Competencia,9,6,7
2569,Rana venenosa,Productor,Venado,Herbivoría,2,2,8
2570,Anaconda,Consumidor terciario,Tucán,Herbivoría,8,16,10
2571,Jaguar,Consumidor primario,Anaconda,Mutualismo,6,12,1
2572,Termitas,Consumidor terciario,Termitas,Descomposición,7,15,10
2573,Mono araña,Productor,Tucán,Competencia,9,1,1
2574,Termitas,Consumidor secundario,Águila harpía,Competencia,5,7,1
2575,Boa constrictor,Consumidor primario,Boa constrictor,Descomposición,5,23,7
2576,Águila harpía,Consumidor secundario,Termitas,Depredación,1,8,1
2577,Jaguar,Descomponedor,Mono araña,Mutualismo,6,15,4
2578,Mono araña,Consumidor primario,Rana venenosa,Depredación,7,3,2
2579,Mono araña,Descomponedor,Termitas,Mutualismo,1,26,2
2580,Águila harpía,Descomponedor,Hormiga cortadora,Herbivoría,8,50,8
2581,Termitas,Consumidor secundario,Jaguar,Mutualismo,9,31,4
2582,Hormiga cortadora,Descomponedor,Boa constrictor,Competencia,6,42,2
2583,Águila harpía,Consumidor terciario,Venado,Depredación,6,26,3
2584,Águila harpía,Consumidor terciario,Mono araña,Mutualismo,3,4,1
2585,Termitas,Descomponedor,Mono araña,Competencia,10,21,4
2586,Águila harpía,Descomponedor,Jaguar,Descomposición,6,49,2
2587,Venado,Productor,Tucán,Mutualismo,7,9,8
2588,Venado,Consumidor primario,Águila harpía,Descomposición,1,23,3
2589,Mono araña,Consumidor primario,Jaguar,Herbivoría,9,43,1
2590,Anaconda,Descomponedor,Rana venenosa,Depredación,7,8,8
2591,Boa constrictor,Consumidor secundario,Águila harpía,Descomposición,6,20,9
2592,Tucán,Consumidor primario,Anaconda,Herbivoría,8,14,3
2593,Águila harpía,Productor,Rana venenosa,Depredación,6,20,3
2594,Águila harpía,Consumidor terciario,Mono araña,Depredación,10,22,9
2595,Rana venenosa,Consumidor secundario,Jaguar,Competencia,6,9,2
2596,Mono araña,Consumidor primario,Mono araña,Descomposición,3,50,5
2597,Águila harpía,Consumidor terciario,Rana venenosa,Depredación,8,9,1
2598,Anaconda,Consumidor primario,Venado,Competencia,8,5,2
2599,Tucán,Consumidor terciario,Rana venenosa,Herbivoría,5,1,6
2600,Boa constrictor,Consumidor terciario,Boa constrictor,Competencia,3,44,10
2601,Mono araña,Productor,Jaguar,Herbivoría,1,22,7
2602,Termitas,Productor,Mono araña,Descomposición,8,49,8
2603,Venado,Consumidor terciario,Hormiga cortadora,Herbivoría,7,43,9
2604,Anaconda,Productor,Tucán,Competencia,8,40,1
2605,Boa constrictor,Consumidor primario,Rana venenosa,Competencia,10,12,8
2606,Jaguar,Consumidor primario,Jaguar,Mutualismo,3,31,8
2607,Venado,Consumidor secundario,Venado,Depredación,5,16,6
2608,Jaguar,Consumidor secundario,Mono araña,Depredación,10,25,2
2609,Tucán,Descomponedor,Venado,Depredación,10,39,2
2610,Tucán,Consumidor primario,Venado,Herbivoría,6,13,8
2611,Tucán,Productor,Termitas,Depredación,7,38,8
2612,Hormiga cortadora,Consumidor terciario,Mono araña,Mutualismo,5,46,5
2613,Águila harpía,Consumidor primario,Boa constrictor,Herbivoría,4,30,3
2614,Venado,Productor,Mono araña,Competencia,4,33,9
2615,Mono araña,Consumidor primario,Jaguar,Herbivoría,3,16,5
2616,Venado,Consumidor primario,Termitas,Mutualismo,1,44,10
2617,Águila harpía,Consumidor primario,Venado,Competencia,8,12,4
2618,Termitas,Consumidor secundario,Rana venenosa,Competencia,10,8,7
2619,Hormiga cortadora,Consumidor terciario,Anaconda,Depredación,4,32,5
2620,Mono araña,Consumidor primario,Venado,Mutualismo,4,31,1
2621,Venado,Consumidor secundario,Termitas,Depredación,10,39,10
2622,Rana venenosa,Consumidor terciario,Anaconda,Depredación,6,18,5
2623,Termitas,Consumidor terciario,Mono araña,Competencia,2,33,10
2624,Termitas,Consumidor secundario,Rana venenosa,Depredación,7,43,8
2625,Boa constrictor,Descomponedor,Jaguar,Mutualismo,6,3,5
2626,Hormiga cortadora,Consumidor secundario,Tucán,Depredación,8,32,9
2627,Hormiga cortadora,Consumidor primario,Jaguar,Competencia,10,36,7
2628,Rana venenosa,Consumidor terciario,Rana venenosa,Herbivoría,10,12,7
2629,Venado,Consumidor terciario,Termitas,Competencia,6,24,4
2630,Venado,Descomponedor,Rana venenosa,Depredación,2,35,1
2631,Mono araña,Descomponedor,Anaconda,Mutualismo,7,7,9
2632,Mono araña,Descomponedor,Jaguar,Competencia,5,38,6
2633,Boa constrictor,Descomponedor,Termitas,Descomposición,5,42,4
2634,Anaconda,Consumidor terciario,Anaconda,Mutualismo,9,33,5
2635,Tucán,Consumidor secundario,Tucán,Mutualismo,4,2,8
2636,Águila harpía,Consumidor primario,Termitas,Herbivoría,2,19,10
2637,Mono araña,Consumidor primario,Hormiga cortadora,Descomposición,10,11,1
2638,Hormiga cortadora,Consumidor secundario,Jaguar,Depredación,4,5,7
2639,Tucán,Productor,Boa constrictor,Herbivoría,5,31,5
2640,Termitas,Consumidor primario,Jaguar,Depredación,4,34,6
2641,Águila harpía,Productor,Águila harpía,Competencia,8,36,6
2642,Jaguar,Descomponedor,Anaconda,Depredación,3,22,5
2643,Jaguar,Consumidor terciario,Termitas,Mutualismo,10,32,3
2644,Hormiga cortadora,Consumidor terciario,Anaconda,Herbivoría,7,11,5
2645,Mono araña,Consumidor primario,Anaconda,Depredación,9,15,8
2646,Anaconda,Descomponedor,Jaguar,Depredación,5,17,5
2647,Boa constrictor,Productor,Mono araña,Mutualismo,6,1,4
2648,Rana venenosa,Productor,Mono araña,Descomposición,9,16,8
2649,Jaguar,Descomponedor,Mono araña,Herbivoría,3,40,4
2650,Termitas,Descomponedor,Hormiga cortadora,Descomposición,2,5,3
2651,Mono araña,Descomponedor,Mono araña,Mutualismo,2,24,10
2652,Anaconda,Consumidor terciario,Tucán,Mutualismo,5,33,7
2653,Termitas,Productor,Rana venenosa,Descomposición,7,17,9
2654,Águila harpía,Productor,Venado,Competencia,7,38,3
2655,Tucán,Consumidor secundario,Anaconda,Competencia,8,25,5
2656,Jaguar,Consumidor primario,Jaguar,Herbivoría,7,5,8
2657,Águila harpía,Productor,Mono araña,Herbivoría,7,44,8
2658,Tucán,Descomponedor,Rana venenosa,Competencia,3,8,7
2659,Anaconda,Consumidor terciario,Mono araña,Herbivoría,9,14,2
2660,Anaconda,Productor,Venado,Herbivoría,8,44,5
2661,Mono araña,Consumidor terciario,Águila harpía,Descomposición,10,24,10
2662,Boa constrictor,Consumidor primario,Boa constrictor,Herbivoría,10,27,6
2663,Mono araña,Descomponedor,Jaguar,Herbivoría,9,12,9
2664,Anaconda,Consumidor terciario,Águila harpía,Competencia,1,40,3
2665,Águila harpía,Consumidor terciario,Tucán,Depredación,3,31,10
2666,Tucán,Consumidor terciario,Hormiga cortadora,Herbivoría,8,6,10
2667,Jaguar,Descomponedor,Mono araña,Mutualismo,4,11,7
2668,Jaguar,Descomponedor,Hormiga cortadora,Competencia,6,27,2
2669,Boa constrictor,Consumidor primario,Boa constrictor,Competencia,10,22,9
2670,Venado,Productor,Termitas,Descomposición,1,14,1
2671,Jaguar,Productor,Rana venenosa,Competencia,2,16,1
2672,Hormiga cortadora,Productor,Venado,Mutualismo,10,15,2
2673,Anaconda,Descomponedor,Jaguar,Herbivoría,2,14,6
2674,Anaconda,Productor,Hormiga cortadora,Descomposición,5,4,8
2675,Anaconda,Consumidor primario,Venado,Competencia,4,7,10
2676,Venado,Consumidor secundario,Águila harpía,Depredación,4,33,4
2677,Hormiga cortadora,Consumidor secundario,Jaguar,Competencia,10,30,4
2678,Rana venenosa,Consumidor primario,Jaguar,Competencia,1,6,6
2679,Tucán,Productor,Mono araña,Depredación,8,5,10
2680,Hormiga cortadora,Consumidor primario,Águila harpía,Depredación,4,48,5
2681,Anaconda,Consumidor secundario,Termitas,Herbivoría,1,1,6
2682,Jaguar,Productor,Águila harpía,Competencia,9,41,5
2683,Águila harpía,Consumidor secundario,Tucán,Depredación,2,20,6
2684,Jaguar,Consumidor primario,Rana venenosa,Depredación,6,10,1
2685,Mono araña,Consumidor primario,Hormiga cortadora,Mutualismo,8,21,6
2686,Anaconda,Productor,Anaconda,Mutualismo,4,40,6
2687,Hormiga cortadora,Productor,Boa constrictor,Descomposición,5,42,1
2688,Hormiga cortadora,Consumidor terciario,Tucán,Herbivoría,3,49,8
2689,Venado,Descomponedor,Mono araña,Descomposición,5,20,7
2690,Hormiga cortadora,Consumidor terciario,Mono araña,Depredación,6,15,2
2691,Termitas,Consumidor primario,Anaconda,Mutualismo,2,43,4
2692,Boa constrictor,Consumidor secundario,Rana venenosa,Descomposición,10,33,10
2693,Águila harpía,Descomponedor,Jaguar,Competencia,8,36,1
2694,Mono araña,Consumidor terciario,Jaguar,Descomposición,1,32,4
2695,Anaconda,Productor,Boa constrictor,Herbivoría,3,49,8
2696,Hormiga cortadora,Descomponedor,Venado,Mutualismo,4,34,5
2697,Boa constrictor,Descomponedor,Hormiga cortadora,Competencia,1,44,6
2698,Termitas,Consumidor secundario,Boa constrictor,Descomposición,2,27,8
2699,Hormiga cortadora,Descomponedor,Águila harpía,Competencia,4,16,6
2700,Tucán,Consumidor terciario,Hormiga cortadora,Competencia,2,50,3
2701,Venado,Consumidor primario,Hormiga cortadora,Herbivoría,3,23,2
2702,Venado,Consumidor terciario,Águila harpía,Descomposición,10,43,1
2703,Venado,Consumidor terciario,Venado,Descomposición,10,35,7
2704,Anaconda,Consumidor terciario,Águila harpía,Competencia,2,7,7
2705,Boa constrictor,Productor,Venado,Depredación,9,15,3
2706,Boa constrictor,Consumidor secundario,Boa constrictor,Depredación,10,13,3
2707,Mono araña,Consumidor primario,Rana venenosa,Mutualismo,1,48,5
2708,Tucán,Descomponedor,Mono araña,Descomposición,2,42,9
2709,Mono araña,Descomponedor,Boa constrictor,Herbivoría,6,26,10
2710,Rana venenosa,Consumidor primario,Hormiga cortadora,Herbivoría,3,11,4
2711,Termitas,Consumidor primario,Rana venenosa,Mutualismo,7,19,3
2712,Boa constrictor,Consumidor secundario,Boa constrictor,Descomposición,1,19,2
2713,Jaguar,Consumidor primario,Águila harpía,Descomposición,7,25,3
2714,Tucán,Descomponedor,Hormiga cortadora,Herbivoría,8,31,4
2715,Rana venenosa,Consumidor terciario,Venado,Competencia,7,13,3
2716,Boa constrictor,Consumidor primario,Tucán,Competencia,7,17,7
2717,Anaconda,Consumidor secundario,Tucán,Depredación,7,14,10
2718,Rana venenosa,Consumidor primario,Hormiga cortadora,Herbivoría,5,50,8
2719,Jaguar,Productor,Termitas,Depredación,2,29,4
2720,Tucán,Productor,Hormiga cortadora,Descomposición,7,39,4
2721,Boa constrictor,Consumidor terciario,Termitas,Competencia,6,34,5
2722,Boa constrictor,Consumidor terciario,Hormiga cortadora,Herbivoría,4,5,4
2723,Rana venenosa,Productor,Tucán,Mutualismo,9,16,2
2724,Venado,Productor,Águila harpía,Herbivoría,1,36,4
2725,Venado,Consumidor primario,Boa constrictor,Descomposición,2,48,2
2726,Anaconda,Consumidor terciario,Termitas,Competencia,6,13,9
2727,Termitas,Consumidor primario,Venado,Herbivoría,5,14,8
2728,Anaconda,Productor,Mono araña,Descomposición,7,36,5
2729,Hormiga cortadora,Descomponedor,Hormiga cortadora,Mutualismo,4,9,5
2730,Anaconda,Consumidor secundario,Tucán,Depredación,4,26,8
2731,Mono araña,Consumidor primario,Tucán,Descomposición,7,35,4
2732,Termitas,Consumidor secundario,Venado,Descomposición,5,46,3
2733,Termitas,Consumidor primario,Tucán,Descomposición,8,16,10
2734,Hormiga cortadora,Descomponedor,Anaconda,Depredación,9,11,2
2735,Jaguar,Descomponedor,Jaguar,Mutualismo,5,9,2
2736,Anaconda,Consumidor primario,Anaconda,Depredación,2,24,5
2737,Jaguar,Descomponedor,Rana venenosa,Mutualismo,4,46,9
2738,Jaguar,Consumidor secundario,Mono araña,Mutualismo,9,15,10
2739,Hormiga cortadora,Consumidor terciario,Boa constrictor,Herbivoría,4,39,1
2740,Termitas,Consumidor terciario,Tucán,Depredación,10,42,3
2741,Termitas,Consumidor terciario,Jaguar,Mutualismo,4,7,6
2742,Águila harpía,Consumidor terciario,Jaguar,Depredación,10,9,10
2743,Mono araña,Consumidor primario,Hormiga cortadora,Mutualismo,10,24,10
2744,Tucán,Productor,Termitas,Descomposición,7,14,5
2745,Anaconda,Consumidor primario,Venado,Descomposición,1,16,5
2746,Boa constrictor,Consumidor terciario,Anaconda,Descomposición,1,21,4
2747,Hormiga cortadora,Consumidor primario,Venado,Herbivoría,9,28,6
2748,Rana venenosa,Productor,Venado,Herbivoría,5,8,3
2749,Boa constrictor,Consumidor primario,Tucán,Mutualismo,5,49,3
2750,Águila harpía,Consumidor secundario,Águila harpía,Herbivoría,3,26,7
2751,Hormiga cortadora,Productor,Águila harpía,Herbivoría,3,2,6
2752,Venado,Productor,Jaguar,Descomposición,5,46,9
2753,Anaconda,Consumidor secundario,Anaconda,Competencia,8,42,8
2754,Boa constrictor,Consumidor secundario,Termitas,Competencia,7,19,2
2755,Mono araña,Consumidor primario,Rana venenosa,Competencia,4,29,2
2756,Mono araña,Descomponedor,Termitas,Herbivoría,4,26,9
2757,Mono araña,Consumidor primario,Anaconda,Competencia,5,43,7
2758,Anaconda,Consumidor terciario,Venado,Herbivoría,1,16,2
2759,Rana venenosa,Consumidor terciario,Venado,Depredación,8,2,9
2760,Boa constrictor,Consumidor secundario,Tucán,Mutualismo,9,17,8
2761,Anaconda,Consumidor secundario,Boa constrictor,Depredación,6,30,5
2762,Jaguar,Consumidor secundario,Águila harpía,Mutualismo,8,44,7
2763,Termitas,Productor,Boa constrictor,Depredación,6,12,5
2764,Termitas,Consumidor secundario,Tucán,Herbivoría,8,31,10
2765,Jaguar,Consumidor primario,Mono araña,Descomposición,4,36,1
2766,Rana venenosa,Consumidor secundario,Hormiga cortadora,Descomposición,10,44,6
2767,Tucán,Consumidor secundario,Tucán,Mutualismo,8,36,2
2768,Mono araña,Productor,Termitas,Depredación,4,39,4
2769,Termitas,Consumidor secundario,Jaguar,Competencia,6,1,9
2770,Venado,Productor,Boa constrictor,Herbivoría,4,3,7
2771,Termitas,Descomponedor,Rana venenosa,Herbivoría,2,33,8
2772,Termitas,Productor,Venado,Mutualismo,3,3,4
2773,Tucán,Consumidor secundario,Termitas,Descomposición,10,44,5
2774,Hormiga cortadora,Descomponedor,Venado,Mutualismo,8,34,3
2775,Jaguar,Consumidor terciario,Mono araña,Descomposición,4,46,7
2776,Rana venenosa,Descomponedor,Águila harpía,Herbivoría,10,19,4
2777,Jaguar,Productor,Mono araña,Depredación,8,48,2
2778,Termitas,Consumidor terciario,Mono araña,Competencia,10,37,6
2779,Tucán,Descomponedor,Mono araña,Mutualismo,8,19,1
2780,Mono araña,Consumidor terciario,Rana venenosa,Herbivoría,3,18,1
2781,Jaguar,Consumidor terciario,Anaconda,Depredación,10,26,6
2782,Venado,Descomponedor,Águila harpía,Competencia,1,42,10
2783,Termitas,Consumidor secundario,Mono araña,Descomposición,9,7,6
2784,Termitas,Consumidor secundario,Rana venenosa,Mutualismo,3,23,6
2785,Termitas,Consumidor primario,Termitas,Descomposición,1,18,8
2786,Hormiga cortadora,Productor,Anaconda,Competencia,1,17,4
2787,Anaconda,Consumidor terciario,Mono araña,Depredación,3,19,8
2788,Mono araña,Descomponedor,Boa constrictor,Descomposición,7,28,7
2789,Hormiga cortadora,Consumidor secundario,Venado,Herbivoría,4,28,9
2790,Mono araña,Productor,Rana venenosa,Descomposición,3,6,1
2791,Mono araña,Productor,Rana venenosa,Competencia,1,1,4
2792,Termitas,Consumidor primario,Venado,Descomposición,9,43,8
2793,Termitas,Consumidor terciario,Jaguar,Herbivoría,10,49,8
2794,Anaconda,Consumidor secundario,Mono araña,Descomposición,4,7,6
2795,Anaconda,Productor,Boa constrictor,Depredación,9,47,9
2796,Jaguar,Descomponedor,Águila harpía,Mutualismo,9,7,1
2797,Venado,Consumidor terciario,Hormiga cortadora,Competencia,8,32,6
2798,Anaconda,Consumidor primario,Termitas,Competencia,10,32,10
2799,Tucán,Productor,Tucán,Depredación,4,8,6
2800,Boa constrictor,Consumidor primario,Termitas,Mutualismo,3,8,7
2801,Águila harpía,Productor,Jaguar,Competencia,1,35,1
2802,Termitas,Descomponedor,Anaconda,Descomposición,9,28,7
2803,Termitas,Consumidor secundario,Jaguar,Depredación,9,43,5
2804,Anaconda,Consumidor primario,Hormiga cortadora,Descomposición,8,2,7
2805,Termitas,Productor,Boa constrictor,Competencia,1,35,8
2806,Anaconda,Descomponedor,Jaguar,Competencia,6,31,3
2807,Venado,Consumidor terciario,Águila harpía,Depredación,8,35,7
2808,Águila harpía,Consumidor terciario,Termitas,Herbivoría,10,40,9
2809,Termitas,Consumidor terciario,Mono araña,Competencia,8,33,8
2810,Venado,Productor,Rana venenosa,Descomposición,1,34,7
2811,Termitas,Consumidor primario,Hormiga cortadora,Mutualismo,7,39,10
2812,Venado,Productor,Rana venenosa,Herbivoría,9,10,6
2813,Anaconda,Descomponedor,Hormiga cortadora,Mutualismo,5,13,8
2814,Termitas,Descomponedor,Boa constrictor,Herbivoría,2,9,6
2815,Tucán,Consumidor primario,Rana venenosa,Mutualismo,4,37,6
2816,Hormiga cortadora,Productor,Jaguar,Depredación,9,35,10
2817,Anaconda,Consumidor secundario,Jaguar,Herbivoría,1,27,9
2818,Termitas,Descomponedor,Jaguar,Herbivoría,6,9,2
2819,Anaconda,Consumidor terciario,Tucán,Descomposición,4,31,2
2820,Jaguar,Consumidor terciario,Venado,Descomposición,4,2,6
2821,Rana venenosa,Consumidor secundario,Rana venenosa,Herbivoría,4,36,2
2822,Águila harpía,Productor,Anaconda,Mutualismo,4,14,2
2823,Boa constrictor,Consumidor primario,Jaguar,Mutualismo,5,39,9
2824,Rana venenosa,Consumidor terciario,Tucán,Mutualismo,4,3,8
2825,Jaguar,Productor,Hormiga cortadora,Herbivoría,4,45,5
2826,Águila harpía,Productor,Venado,Mutualismo,8,6,8
2827,Boa constrictor,Consumidor secundario,Jaguar,Descomposición,2,31,7
2828,Águila harpía,Consumidor terciario,Águila harpía,Depredación,7,32,9
2829,Jaguar,Consumidor primario,Boa constrictor,Mutualismo,1,50,8
2830,Águila harpía,Consumidor primario,Tucán,Mutualismo,1,8,8
2831,Hormiga cortadora,Productor,Tucán,Mutualismo,2,5,6
2832,Anaconda,Productor,Hormiga cortadora,Competencia,2,43,4
2833,Jaguar,Consumidor terciario,Hormiga cortadora,Depredación,9,23,3
2834,Jaguar,Consumidor primario,Termitas,Depredación,2,44,1
2835,Rana venenosa,Descomponedor,Águila harpía,Mutualismo,1,40,1
2836,Águila harpía,Consumidor terciario,Venado,Depredación,2,27,8
2837,Tucán,Consumidor terciario,Boa constrictor,Descomposición,10,37,4
2838,Rana venenosa,Descomponedor,Águila harpía,Competencia,10,13,7
2839,Tucán,Consumidor primario,Boa constrictor,Herbivoría,8,11,4
2840,Termitas,Consumidor primario,Hormiga cortadora,Depredación,8,17,9
2841,Termitas,Productor,Hormiga cortadora,Herbivoría,3,23,2
2842,Tucán,Consumidor terciario,Venado,Mutualismo,4,47,9
2843,Mono araña,Consumidor secundario,Anaconda,Competencia,8,23,9
2844,Termitas,Consumidor terciario,Hormiga cortadora,Mutualismo,2,19,5
2845,Anaconda,Consumidor primario,Boa constrictor,Herbivoría,4,47,8
2846,Tucán,Consumidor secundario,Tucán,Descomposición,9,29,9
2847,Anaconda,Consumidor secundario,Termitas,Herbivoría,8,40,10
2848,Tucán,Consumidor secundario,Mono araña,Depredación,2,44,7
2849,Rana venenosa,Productor,Rana venenosa,Herbivoría,6,6,2
2850,Tucán,Consumidor terciario,Boa constrictor,Herbivoría,5,2,1
2851,Hormiga cortadora,Consumidor primario,Hormiga cortadora,Herbivoría,7,22,7
2852,Termitas,Consumidor terciario,Águila harpía,Descomposición,1,28,6
2853,Hormiga cortadora,Consumidor terciario,Tucán,Descomposición,2,26,7
2854,Águila harpía,Productor,Águila harpía,Descomposición,6,34,2
2855,Rana venenosa,Consumidor terciario,Rana venenosa,Herbivoría,3,48,10
2856,Hormiga cortadora,Consumidor terciario,Rana venenosa,Competencia,3,4,4
2857,Águila harpía,Consumidor terciario,Tucán,Herbivoría,3,11,10
2858,Águila harpía,Consumidor primario,Hormiga cortadora,Mutualismo,1,33,8
2859,Tucán,Consumidor primario,Hormiga cortadora,Herbivoría,10,40,1
2860,Boa constrictor,Descomponedor,Anaconda,Mutualismo,1,29,2
2861,Hormiga cortadora,Consumidor secundario,Rana venenosa,Mutualismo,8,31,7
2862,Boa constrictor,Productor,Tucán,Herbivoría,4,43,5
2863,Boa constrictor,Consumidor terciario,Hormiga cortadora,Competencia,7,34,1
2864,Venado,Consumidor primario,Mono araña,Competencia,2,11,3
2865,Águila harpía,Consumidor terciario,Tucán,Descomposición,10,18,6
2866,Hormiga cortadora,Consumidor terciario,Jaguar,Depredación,5,15,5
2867,Tucán,Descomponedor,Termitas,Descomposición,6,17,5
2868,Águila harpía,Consumidor primario,Jaguar,Competencia,6,33,6
2869,Venado,Consumidor primario,Jaguar,Competencia,9,21,10
2870,Venado,Consumidor primario,Hormiga cortadora,Mutualismo,8,44,4
2871,Venado,Productor,Boa constrictor,Descomposición,10,21,10
2872,Jaguar,Productor,Mono araña,Competencia,3,43,9
2873,Tucán,Descomponedor,Tucán,Competencia,7,4,1
2874,Mono araña,Productor,Termitas,Descomposición,1,41,2
2875,Venado,Productor,Mono araña,Depredación,10,35,4
2876,Venado,Productor,Termitas,Herbivoría,10,10,5
2877,Boa constrictor,Productor,Mono araña,Competencia,4,32,8
2878,Jaguar,Consumidor primario,Anaconda,Competencia,6,12,3
2879,Tucán,Consumidor secundario,Rana venenosa,Competencia,7,15,5
2880,Tucán,Consumidor secundario,Venado,Competencia,3,1,4
2881,Anaconda,Descomponedor,Rana venenosa,Herbivoría,10,43,7
2882,Anaconda,Consumidor terciario,Venado,Competencia,2,11,5
2883,Hormiga cortadora,Productor,Anaconda,Herbivoría,4,15,6
2884,Boa constrictor,Consumidor secundario,Hormiga cortadora,Mutualismo,1,36,6
2885,Termitas,Consumidor primario,Rana venenosa,Competencia,7,3,6
2886,Tucán,Consumidor primario,Águila harpía,Depredación,5,16,10
2887,Rana venenosa,Consumidor terciario,Mono araña,Descomposición,5,2,7
2888,Anaconda,Consumidor secundario,Jaguar,Descomposición,5,32,6
2889,Rana venenosa,Consumidor secundario,Rana venenosa,Depredación,7,29,3
2890,Hormiga cortadora,Consumidor terciario,Mono araña,Descomposición,5,7,10
2891,Jaguar,Productor,Mono araña,Herbivoría,10,8,2
2892,Termitas,Consumidor secundario,Mono araña,Competencia,5,35,6
2893,Tucán,Consumidor terciario,Rana venenosa,Competencia,1,13,5
2894,Águila harpía,Productor,Jaguar,Depredación,7,24,6
2895,Rana venenosa,Productor,Termitas,Mutualismo,9,28,2
2896,Rana venenosa,Productor,Boa constrictor,Competencia,9,9,5
2897,Mono araña,Consumidor secundario,Termitas,Descomposición,3,38,4
2898,Jaguar,Consumidor primario,Termitas,Descomposición,2,15,1
2899,Tucán,Descomponedor,Boa constrictor,Depredación,6,27,5
2900,Hormiga cortadora,Consumidor terciario,Hormiga cortadora,Competencia,8,43,6
2901,Anaconda,Productor,Anaconda,Competencia,4,44,6
2902,Boa constrictor,Consumidor secundario,Venado,Depredación,2,37,8
2903,Jaguar,Productor,Jaguar,Competencia,2,39,1
2904,Tucán,Consumidor secundario,Águila harpía,Descomposición,10,32,3
2905,Anaconda,Consumidor terciario,Jaguar,Depredación,1,3,6
2906,Rana venenosa,Consumidor terciario,Mono araña,Descomposición,4,40,8
2907,Águila harpía,Consumidor primario,Venado,Descomposición,5,48,4
2908,Boa constrictor,Descomponedor,Boa constrictor,Depredación,4,8,3
2909,Jaguar,Consumidor primario,Anaconda,Depredación,6,44,1
2910,Rana venenosa,Consumidor terciario,Termitas,Mutualismo,9,20,5
2911,Rana venenosa,Consumidor terciario,Jaguar,Herbivoría,8,9,5
2912,Boa constrictor,Consumidor terciario,Mono araña,Depredación,5,14,5
2913,Mono araña,Productor,Rana venenosa,Competencia,1,29,10
2914,Boa constrictor,Consumidor terciario,Águila harpía,Competencia,9,15,8
2915,Anaconda,Consumidor terciario,Hormiga cortadora,Descomposición,7,15,10
2916,Águila harpía,Consumidor secundario,Venado,Mutualismo,2,32,4
2917,Rana venenosa,Consumidor secundario,Anaconda,Competencia,3,42,2
2918,Termitas,Consumidor primario,Boa constrictor,Mutualismo,4,23,2
2919,Boa constrictor,Consumidor secundario,Venado,Depredación,8,4,9
2920,Venado,Productor,Hormiga cortadora,Descomposición,10,35,1
2921,Jaguar,Consumidor terciario,Rana venenosa,Descomposición,6,45,10
2922,Tucán,Consumidor terciario,Venado,Depredación,10,47,8
2923,Águila harpía,Productor,Rana venenosa,Mutualismo,1,35,1
2924,Rana venenosa,Consumidor terciario,Venado,Herbivoría,3,14,2
2925,Anaconda,Productor,Mono araña,Descomposición,5,48,6
2926,Tucán,Consumidor terciario,Termitas,Herbivoría,10,38,6
2927,Rana venenosa,Productor,Termitas,Mutualismo,6,29,4
2928,Boa constrictor,Descomponedor,Mono araña,Herbivoría,4,45,3
2929,Hormiga cortadora,Productor,Termitas,Depredación,3,15,2
2930,Anaconda,Consumidor secundario,Águila harpía,Descomposición,5,48,3
2931,Águila harpía,Productor,Venado,Mutualismo,5,11,8
2932,Rana venenosa,Consumidor primario,Boa constrictor,Competencia,7,14,5
2933,Hormiga cortadora,Productor,Venado,Herbivoría,1,31,4
2934,Venado,Consumidor primario,Venado,Herbivoría,1,9,1
2935,Tucán,Productor,Termitas,Mutualismo,10,13,4
2936,Boa constrictor,Consumidor secundario,Anaconda,Mutualismo,10,16,7
2937,Boa constrictor,Descomponedor,Tucán,Mutualismo,2,26,2
2938,Hormiga cortadora,Consumidor terciario,Hormiga cortadora,Descomposición,6,38,1
2939,Jaguar,Descomponedor,Termitas,Competencia,8,28,5
2940,Mono araña,Consumidor primario,Tucán,Mutualismo,6,28,8
2941,Termitas,Consumidor secundario,Mono araña,Depredación,8,20,10
2942,Venado,Consumidor secundario,Rana venenosa,Herbivoría,8,18,4
2943,Anaconda,Productor,Jaguar,Depredación,3,33,9
2944,Águila harpía,Descomponedor,Tucán,Mutualismo,4,28,6
2945,Anaconda,Consumidor primario,Rana venenosa,Depredación,6,34,4
2946,Venado,Descomponedor,Boa constrictor,Mutualismo,4,16,3
2947,Águila harpía,Consumidor secundario,Jaguar,Competencia,4,32,5
2948,Rana venenosa,Productor,Águila harpía,Depredación,5,5,4
2949,Venado,Productor,Rana venenosa,Mutualismo,9,1,8
2950,Rana venenosa,Descomponedor,Boa constrictor,Mutualismo,5,4,3
2951,Anaconda,Consumidor terciario,Mono araña,Mutualismo,5,6,10
2952,Venado,Consumidor terciario,Termitas,Competencia,8,17,3
2953,Tucán,Consumidor primario,Boa constrictor,Competencia,7,4,6
2954,Anaconda,Consumidor terciario,Termitas,Competencia,8,24,7
2955,Boa constrictor,Consumidor primario,Hormiga cortadora,Depredación,7,32,8
2956,Rana venenosa,Productor,Tucán,Competencia,4,33,5
2957,Mono araña,Descomponedor,Venado,Herbivoría,1,6,4
2958,Anaconda,Consumidor terciario,Venado,Mutualismo,10,8,5
2959,Termitas,Consumidor terciario,Termitas,Mutualismo,8,6,8
2960,Venado,Productor,Venado,Descomposición,4,24,5
2961,Tucán,Descomponedor,Venado,Herbivoría,10,22,8
2962,Boa constrictor,Consumidor primario,Águila harpía,Herbivoría,4,33,10
2963,Tucán,Consumidor secundario,Águila harpía,Mutualismo,8,31,2
2964,Anaconda,Consumidor secundario,Hormiga cortadora,Mutualismo,4,29,7
2965,Águila harpía,Productor,Anaconda,Herbivoría,5,49,5
2966,Mono araña,Consumidor terciario,Águila harpía,Mutualismo,4,3,7
2967,Venado,Consumidor terciario,Termitas,Depredación,3,1,8
2968,Jaguar,Descomponedor,Rana venenosa,Herbivoría,6,33,2
2969,Termitas,Consumidor secundario,Mono araña,Mutualismo,5,48,8
2970,Mono araña,Productor,Termitas,Competencia,1,38,6
2971,Águila harpía,Consumidor secundario,Tucán,Herbivoría,9,37,10
2972,Águila harpía,Productor,Jaguar,Mutualismo,3,12,6
2973,Hormiga cortadora,Consumidor secundario,Mono araña,Depredación,2,26,9
2974,Venado,Descomponedor,Venado,Depredación,9,33,8
2975,Tucán,Consumidor terciario,Termitas,Descomposición,4,39,7
2976,Rana venenosa,Descomponedor,Boa constrictor,Descomposición,4,15,7
2977,Jaguar,Consumidor secundario,Mono araña,Herbivoría,10,48,3
2978,Tucán,Consumidor secundario,Águila harpía,Depredación,1,4,4
2979,Rana venenosa,Consumidor secundario,Hormiga cortadora,Depredación,2,36,7
2980,Águila harpía,Consumidor secundario,Tucán,Descomposición,9,11,4
2981,Rana venenosa,Consumidor secundario,Anaconda,Herbivoría,7,21,5
2982,Venado,Consumidor secundario,Mono araña,Competencia,7,18,3
2983,Boa constrictor,Productor,Jaguar,Herbivoría,6,31,9
2984,Anaconda,Consumidor secundario,Venado,Depredación,2,3,5
2985,Anaconda,Consumidor primario,Mono araña,Depredación,4,20,6
2986,Jaguar,Consumidor secundario,Águila harpía,Mutualismo,3,48,3
2987,Termitas,Consumidor terciario,Hormiga cortadora,Herbivoría,3,17,9
2988,Hormiga cortadora,Productor,Hormiga cortadora,Descomposición,9,12,5
2989,Hormiga cortadora,Productor,Águila harpía,Competencia,10,29,7
2990,Tucán,Productor,Venado,Descomposición,7,33,2
2991,Águila harpía,Consumidor secundario,Termitas,Mutualismo,8,18,4
2992,Tucán,Productor,Venado,Descomposición,9,48,6
2993,Mono araña,Consumidor secundario,Jaguar,Competencia,1,1,6
2994,Anaconda,Descomponedor,Águila harpía,Herbivoría,4,47,5
2995,Águila harpía,Consumidor terciario,Hormiga cortadora,Descomposición,2,37,4
2996,Anaconda,Productor,Boa constrictor,Descomposición,3,5,2
2997,Jaguar,Productor,Águila harpía,Descomposición,8,4,5
2998,Venado,Consumidor primario,Anaconda,Competencia,2,30,4
2999,Termitas,Consumidor terciario,Anaconda,Competencia,10,8,8
3000,Anaconda,Productor,Jaguar,Descomposición,1,12,2
3001,Mono araña,Productor,Jaguar,Mutualismo,2,29,3
3002,Águila harpía,Consumidor primario,Mono araña,Depredación,5,10,4
3003,Águila harpía,Consumidor secundario,Águila harpía,Herbivoría,4,28,8
3004,Venado,Consumidor terciario,Mono araña,Depredación,9,50,9
3005,Águila harpía,Consumidor secundario,Tucán,Competencia,4,34,9
3006,Rana venenosa,Consumidor primario,Mono araña,Descomposición,4,18,9
3007,Hormiga cortadora,Consumidor terciario,Águila harpía,Descomposición,8,38,9
3008,Boa constrictor,Consumidor terciario,Rana venenosa,Competencia,1,13,1
3009,Venado,Consumidor primario,Boa constrictor,Competencia,1,20,8
3010,Hormiga cortadora,Productor,Mono araña,Herbivoría,6,34,1
3011,Rana venenosa,Descomponedor,Anaconda,Competencia,8,30,4
3012,Jaguar,Productor,Águila harpía,Depredación,8,21,4
3013,Rana venenosa,Consumidor secundario,Boa constrictor,Depredación,3,23,5
3014,Termitas,Productor,Venado,Descomposición,1,21,4
3015,Rana venenosa,Consumidor secundario,Águila harpía,Competencia,3,9,10
3016,Anaconda,Consumidor secundario,Anaconda,Herbivoría,2,21,2
3017,Venado,Consumidor secundario,Águila harpía,Depredación,2,35,6
3018,Jaguar,Productor,Mono araña,Mutualismo,8,32,5
3019,Tucán,Consumidor primario,Termitas,Competencia,10,11,4
3020,Tucán,Consumidor primario,Tucán,Herbivoría,6,16,6
3021,Venado,Productor,Anaconda,Competencia,4,20,6
3022,Mono araña,Consumidor primario,Mono araña,Mutualismo,6,8,3
3023,Águila harpía,Consumidor secundario,Hormiga cortadora,Competencia,8,37,10
3024,Rana venenosa,Descomponedor,Boa constrictor,Competencia,6,14,6
3025,Rana venenosa,Consumidor terciario,Termitas,Mutualismo,4,20,3
3026,Termitas,Productor,Águila harpía,Descomposición,6,19,4
3027,Águila harpía,Productor,Mono araña,Mutualismo,4,34,9
3028,Boa constrictor,Consumidor secundario,Mono araña,Descomposición,5,21,3
3029,Termitas,Productor,Termitas,Mutualismo,5,2,8
3030,Jaguar,Consumidor primario,Tucán,Depredación,9,5,7
3031,Águila harpía,Consumidor primario,Mono araña,Herbivoría,6,42,1
3032,Boa constrictor,Productor,Venado,Competencia,6,29,10
3033,Rana venenosa,Consumidor secundario,Águila harpía,Competencia,1,35,3
3034,Termitas,Consumidor primario,Boa constrictor,Mutualismo,3,18,7
3035,Mono araña,Productor,Águila harpía,Descomposición,5,35,7
3036,Jaguar,Consumidor primario,Mono araña,Herbivoría,1,39,1
3037,Termitas,Productor,Anaconda,Herbivoría,4,12,8
3038,Hormiga cortadora,Productor,Anaconda,Competencia,7,15,6
3039,Termitas,Consumidor secundario,Anaconda,Depredación,7,50,7
3040,Jaguar,Productor,Jaguar,Competencia,9,42,4
3041,Mono araña,Descomponedor,Jaguar,Depredación,9,35,1
3042,Termitas,Consumidor secundario,Termitas,Mutualismo,6,26,2
3043,Mono araña,Productor,Venado,Competencia,6,21,5
3044,Mono araña,Consumidor secundario,Jaguar,Competencia,9,2,3
3045,Jaguar,Consumidor terciario,Venado,Competencia,10,11,6
3046,Rana venenosa,Consumidor primario,Rana venenosa,Descomposición,2,26,3
3047,Mono araña,Productor,Boa constrictor,Depredación,5,33,5
3048,Hormiga cortadora,Consumidor primario,Rana venenosa,Herbivoría,8,25,6
3049,Águila harpía,Consumidor secundario,Hormiga cortadora,Mutualismo,2,4,9
3050,Termitas,Consumidor terciario,Hormiga cortadora,Herbivoría,1,15,6
3051,Rana venenosa,Consumidor terciario,Venado,Herbivoría,9,2,7
3052,Mono araña,Consumidor terciario,Venado,Mutualismo,6,23,4
3053,Venado,Consumidor secundario,Venado,Depredación,6,4,8
3054,Mono araña,Descomponedor,Mono araña,Competencia,1,16,5
3055,Venado,Descomponedor,Mono araña,Herbivoría,7,49,10
3056,Rana venenosa,Consumidor terciario,Águila harpía,Mutualismo,4,36,1
3057,Termitas,Productor,Tucán,Competencia,6,19,7
3058,Hormiga cortadora,Productor,Águila harpía,Descomposición,2,33,9
3059,Tucán,Consumidor primario,Hormiga cortadora,Mutualismo,4,41,4
3060,Anaconda,Descomponedor,Tucán,Herbivoría,6,48,6
3061,Rana venenosa,Consumidor secundario,Hormiga cortadora,Descomposición,9,6,3
3062,Tucán,Descomponedor,Rana venenosa,Descomposición,8,21,2
3063,Boa constrictor,Consumidor primario,Termitas,Mutualismo,7,22,5
3064,Mono araña,Consumidor secundario,Tucán,Mutualismo,1,45,5
3065,Venado,Consumidor secundario,Rana venenosa,Descomposición,7,43,9
3066,Termitas,Productor,Jaguar,Herbivoría,7,49,2
3067,Boa constrictor,Consumidor secundario,Tucán,Competencia,5,27,1
3068,Águila harpía,Consumidor secundario,Mono araña,Competencia,1,35,4
3069,Boa constrictor,Productor,Mono araña,Descomposición,3,50,10
3070,Mono araña,Consumidor primario,Mono araña,Herbivoría,6,18,5
3071,Mono araña,Consumidor terciario,Anaconda,Mutualismo,4,9,3
3072,Jaguar,Productor,Tucán,Herbivoría,4,30,4
3073,Boa constrictor,Consumidor primario,Boa constrictor,Mutualismo,5,43,4
3074,Mono araña,Descomponedor,Tucán,Descomposición,7,22,8
3075,Termitas,Productor,Águila harpía,Mutualismo,7,27,8
3076,Mono araña,Consumidor primario,Venado,Depredación,9,3,3
3077,Mono araña,Consumidor primario,Boa constrictor,Depredación,6,19,3
3078,Venado,Productor,Boa constrictor,Depredación,7,15,6
3079,Hormiga cortadora,Consumidor terciario,Rana venenosa,Descomposición,6,48,6
3080,Boa constrictor,Descomponedor,Hormiga cortadora,Herbivoría,9,1,8
3081,Boa constrictor,Consumidor secundario,Mono araña,Depredación,2,21,2
3082,Águila harpía,Descomponedor,Jaguar,Descomposición,1,24,5
3083,Jaguar,Descomponedor,Venado,Depredación,7,31,1
3084,Boa constrictor,Consumidor terciario,Mono araña,Depredación,3,17,10
3085,Mono araña,Productor,Venado,Herbivoría,6,9,2
3086,Tucán,Consumidor secundario,Hormiga cortadora,Herbivoría,5,21,5
3087,Águila harpía,Consumidor secundario,Jaguar,Depredación,5,28,5
3088,Anaconda,Consumidor primario,Tucán,Competencia,8,35,3
3089,Termitas,Consumidor primario,Mono araña,Mutualismo,4,12,7
3090,Anaconda,Consumidor secundario,Águila harpía,Descomposición,1,2,1
3091,Boa constrictor,Descomponedor,Rana venenosa,Competencia,3,16,2
3092,Rana venenosa,Consumidor primario,Jaguar,Mutualismo,7,13,3
3093,Hormiga cortadora,Productor,Rana venenosa,Depredación,5,26,8
3094,Rana venenosa,Consumidor primario,Mono araña,Mutualismo,6,2,5
3095,Jaguar,Consumidor terciario,Tucán,Descomposición,1,35,4
3096,Mono araña,Consumidor terciario,Termitas,Depredación,8,38,1
3097,Anaconda,Productor,Mono araña,Depredación,4,44,5
3098,Jaguar,Consumidor primario,Jaguar,Herbivoría,10,17,6
3099,Jaguar,Consumidor terciario,Hormiga cortadora,Mutualismo,1,11,8
3100,Mono araña,Consumidor terciario,Hormiga cortadora,Competencia,1,11,6
3101,Águila harpía,Productor,Jaguar,Herbivoría,2,50,10
3102,Águila harpía,Descomponedor,Boa constrictor,Descomposición,9,50,3
3103,Boa constrictor,Consumidor secundario,Boa constrictor,Mutualismo,7,27,8
3104,Tucán,Consumidor terciario,Jaguar,Descomposición,4,27,7
3105,Boa constrictor,Productor,Hormiga cortadora,Descomposición,1,50,9
3106,Venado,Descomponedor,Venado,Mutualismo,5,23,5
3107,Jaguar,Consumidor secundario,Anaconda,Herbivoría,5,1,1
3108,Termitas,Descomponedor,Hormiga cortadora,Descomposición,10,9,5
3109,Termitas,Consumidor primario,Mono araña,Depredación,5,48,8
3110,Hormiga cortadora,Productor,Rana venenosa,Descomposición,2,30,10
3111,Jaguar,Descomponedor,Tucán,Descomposición,8,11,2
3112,Hormiga cortadora,Consumidor secundario,Águila harpía,Competencia,7,38,7
3113,Rana venenosa,Consumidor terciario,Águila harpía,Mutualismo,1,48,5
3114,Venado,Consumidor terciario,Hormiga cortadora,Descomposición,5,37,7
3115,Anaconda,Consumidor secundario,Hormiga cortadora,Competencia,9,14,2
3116,Anaconda,Consumidor terciario,Jaguar,Mutualismo,4,18,9
3117,Hormiga cortadora,Consumidor secundario,Tucán,Depredación,2,45,7
3118,Águila harpía,Consumidor terciario,Anaconda,Herbivoría,5,12,6
3119,Anaconda,Consumidor terciario,Boa constrictor,Descomposición,10,20,3
3120,Termitas,Consumidor primario,Rana venenosa,Descomposición,1,47,5
3121,Venado,Consumidor secundario,Tucán,Descomposición,5,35,5
3122,Mono araña,Consumidor primario,Termitas,Depredación,4,26,10
3123,Anaconda,Consumidor primario,Termitas,Competencia,9,41,7
3124,Tucán,Consumidor secundario,Anaconda,Competencia,6,38,6
3125,Rana venenosa,Consumidor terciario,Mono araña,Descomposición,9,7,7
3126,Rana venenosa,Consumidor terciario,Jaguar,Descomposición,10,14,10
3127,Mono araña,Consumidor secundario,Termitas,Descomposición,9,44,5
3128,Mono araña,Consumidor primario,Rana venenosa,Mutualismo,1,45,7
3129,Anaconda,Consumidor terciario,Boa constrictor,Descomposición,4,31,8
3130,Jaguar,Consumidor primario,Águila harpía,Mutualismo,5,10,10
3131,Rana venenosa,Consumidor terciario,Tucán,Mutualismo,10,36,2
3132,Jaguar,Consumidor primario,Mono araña,Herbivoría,8,42,4
3133,Hormiga cortadora,Consumidor terciario,Jaguar,Competencia,7,46,1
3134,Tucán,Consumidor secundario,Venado,Competencia,10,40,3
3135,Anaconda,Descomponedor,Jaguar,Depredación,10,10,3
3136,Jaguar,Descomponedor,Hormiga cortadora,Descomposición,10,8,8
3137,Tucán,Productor,Termitas,Herbivoría,2,31,8
3138,Jaguar,Productor,Hormiga cortadora,Depredación,8,31,7
3139,Rana venenosa,Consumidor primario,Boa constrictor,Depredación,9,44,7
3140,Venado,Descomponedor,Águila harpía,Mutualismo,7,33,9
3141,Rana venenosa,Consumidor secundario,Tucán,Depredación,6,4,5
3142,Rana venenosa,Productor,Rana venenosa,Herbivoría,5,5,9
3143,Anaconda,Consumidor terciario,Rana venenosa,Descomposición,7,15,1
3144,Hormiga cortadora,Productor,Venado,Herbivoría,5,41,9
3145,Venado,Descomponedor,Jaguar,Depredación,4,20,1
3146,Termitas,Consumidor primario,Águila harpía,Descomposición,7,36,2
3147,Termitas,Consumidor primario,Mono araña,Competencia,2,35,6
3148,Hormiga cortadora,Consumidor secundario,Venado,Competencia,1,19,3
3149,Tucán,Consumidor terciario,Termitas,Mutualismo,3,4,4
3150,Boa constrictor,Descomponedor,Jaguar,Depredación,6,28,2
3151,Mono araña,Productor,Boa constrictor,Depredación,8,30,1
3152,Águila harpía,Consumidor primario,Rana venenosa,Mutualismo,1,12,10
3153,Anaconda,Productor,Hormiga cortadora,Mutualismo,8,3,3
3154,Hormiga cortadora,Consumidor terciario,Boa constrictor,Depredación,8,43,10
3155,Boa constrictor,Consumidor secundario,Anaconda,Depredación,1,25,10
3156,Venado,Consumidor secundario,Termitas,Competencia,1,22,3
3157,Termitas,Descomponedor,Jaguar,Mutualismo,5,4,10
3158,Hormiga cortadora,Consumidor primario,Jaguar,Depredación,6,9,10
3159,Boa constrictor,Productor,Boa constrictor,Competencia,2,36,3
3160,Mono araña,Consumidor primario,Águila harpía,Descomposición,5,37,4
3161,Anaconda,Consumidor primario,Anaconda,Depredación,10,29,5
3162,Termitas,Consumidor secundario,Rana venenosa,Depredación,3,19,6
3163,Águila harpía,Descomponedor,Águila harpía,Depredación,6,36,2
3164,Venado,Descomponedor,Jaguar,Competencia,2,30,10
3165,Jaguar,Productor,Hormiga cortadora,Mutualismo,10,37,8
3166,Termitas,Consumidor primario,Venado,Depredación,7,28,5
3167,Anaconda,Consumidor terciario,Anaconda,Mutualismo,4,14,6
3168,Anaconda,Consumidor terciario,Venado,Mutualismo,1,26,6
3169,Termitas,Productor,Boa constrictor,Depredación,3,46,5
3170,Águila harpía,Consumidor terciario,Hormiga cortadora,Competencia,9,4,1
3171,Venado,Consumidor secundario,Jaguar,Descomposición,10,9,4
3172,Anaconda,Consumidor primario,Anaconda,Competencia,5,33,9
3173,Rana venenosa,Productor,Venado,Competencia,7,15,10
3174,Anaconda,Consumidor secundario,Jaguar,Depredación,8,18,4
3175,Águila harpía,Consumidor secundario,Hormiga cortadora,Herbivoría,5,28,5
3176,Hormiga cortadora,Productor,Águila harpía,Descomposición,9,50,10
3177,Boa constrictor,Consumidor secundario,Mono araña,Descomposición,6,12,3
3178,Termitas,Productor,Rana venenosa,Competencia,8,29,9
3179,Águila harpía,Consumidor terciario,Termitas,Competencia,1,19,5
3180,Hormiga cortadora,Consumidor terciario,Termitas,Descomposición,5,47,10
3181,Termitas,Descomponedor,Anaconda,Depredación,9,35,10
3182,Boa constrictor,Productor,Tucán,Competencia,4,18,3
3183,Rana venenosa,Consumidor terciario,Termitas,Descomposición,8,48,6
3184,Termitas,Descomponedor,Venado,Herbivoría,1,6,10
3185,Anaconda,Productor,Águila harpía,Descomposición,6,40,7
3186,Mono araña,Productor,Mono araña,Herbivoría,7,47,6
3187,Jaguar,Consumidor secundario,Termitas,Depredación,2,32,10
3188,Águila harpía,Consumidor terciario,Hormiga cortadora,Herbivoría,8,6,1
3189,Anaconda,Productor,Anaconda,Herbivoría,9,29,3
3190,Venado,Descomponedor,Termitas,Competencia,10,46,5
3191,Tucán,Consumidor primario,Hormiga cortadora,Depredación,9,23,10
3192,Tucán,Descomponedor,Jaguar,Descomposición,10,3,3
3193,Hormiga cortadora,Consumidor secundario,Termitas,Herbivoría,3,28,7
3194,Anaconda,Consumidor secundario,Tucán,Mutualismo,4,2,1
3195,Tucán,Consumidor secundario,Rana venenosa,Descomposición,3,33,10
3196,Águila harpía,Consumidor secundario,Tucán,Competencia,7,25,8
3197,Tucán,Productor,Rana venenosa,Mutualismo,1,10,5
3198,Águila harpía,Consumidor terciario,Boa constrictor,Competencia,2,23,5
3199,Hormiga cortadora,Productor,Anaconda,Descomposición,2,42,4
3200,Termitas,Consumidor primario,Venado,Depredación,5,28,9
3201,Hormiga cortadora,Productor,Termitas,Herbivoría,3,9,2
3202,Tucán,Consumidor primario,Termitas,Descomposición,2,6,4
3203,Termitas,Descomponedor,Termitas,Herbivoría,1,26,10
3204,Anaconda,Consumidor terciario,Mono araña,Competencia,4,2,6
3205,Mono araña,Consumidor terciario,Águila harpía,Mutualismo,7,50,3
3206,Rana venenosa,Consumidor primario,Tucán,Mutualismo,7,3,3
3207,Mono araña,Productor,Rana venenosa,Competencia,8,7,7
3208,Venado,Consumidor terciario,Hormiga cortadora,Depredación,2,15,3
3209,Águila harpía,Descomponedor,Tucán,Descomposición,2,49,5
3210,Termitas,Consumidor terciario,Jaguar,Descomposición,3,4,10
3211,Mono araña,Consumidor primario,Tucán,Descomposición,10,25,6
3212,Tucán,Consumidor terciario,Rana venenosa,Competencia,6,5,4
3213,Anaconda,Consumidor primario,Termitas,Mutualismo,3,25,4
3214,Mono araña,Consumidor terciario,Mono araña,Competencia,10,36,8
3215,Jaguar,Productor,Boa constrictor,Herbivoría,1,19,10
3216,Hormiga cortadora,Consumidor terciario,Boa constrictor,Herbivoría,9,43,7
3217,Rana venenosa,Productor,Rana venenosa,Depredación,6,17,4
3218,Águila harpía,Productor,Tucán,Mutualismo,7,9,4
3219,Águila harpía,Descomponedor,Águila harpía,Depredación,1,27,6
3220,Mono araña,Consumidor primario,Jaguar,Mutualismo,1,34,10
3221,Venado,Consumidor terciario,Jaguar,Competencia,9,45,7
3222,Termitas,Consumidor terciario,Mono araña,Depredación,7,36,6
3223,Mono araña,Consumidor secundario,Jaguar,Herbivoría,6,24,5
3224,Rana venenosa,Consumidor primario,Águila harpía,Mutualismo,5,44,7
3225,Rana venenosa,Productor,Hormiga cortadora,Descomposición,5,24,7
3226,Jaguar,Consumidor primario,Boa constrictor,Depredación,1,26,1
3227,Termitas,Productor,Mono araña,Competencia,2,15,4
3228,Termitas,Consumidor secundario,Rana venenosa,Herbivoría,9,38,10
3229,Tucán,Productor,Rana venenosa,Descomposición,4,13,1
3230,Águila harpía,Productor,Tucán,Competencia,4,48,9
3231,Jaguar,Consumidor terciario,Termitas,Descomposición,4,6,1
3232,Termitas,Consumidor secundario,Mono araña,Mutualismo,5,40,5
3233,Mono araña,Consumidor secundario,Venado,Herbivoría,3,25,4
3234,Venado,Consumidor secundario,Anaconda,Herbivoría,7,28,4
3235,Tucán,Descomponedor,Venado,Depredación,5,33,8
3236,Termitas,Productor,Águila harpía,Competencia,7,26,5
3237,Anaconda,Consumidor terciario,Termitas,Competencia,5,32,1
3238,Venado,Descomponedor,Boa constrictor,Competencia,2,48,4
3239,Tucán,Consumidor terciario,Hormiga cortadora,Depredación,8,15,1
3240,Termitas,Consumidor terciario,Mono araña,Competencia,2,23,8
3241,Mono araña,Consumidor secundario,Boa constrictor,Competencia,9,10,1
3242,Anaconda,Consumidor secundario,Mono araña,Mutualismo,9,31,4
3243,Venado,Consumidor terciario,Rana venenosa,Competencia,4,3,1
3244,Boa constrictor,Productor,Jaguar,Descomposición,2,42,6
3245,Boa constrictor,Descomponedor,Tucán,Mutualismo,2,26,5
3246,Venado,Consumidor primario,Rana venenosa,Mutualismo,5,29,10
3247,Tucán,Productor,Hormiga cortadora,Depredación,10,7,3
3248,Tucán,Consumidor primario,Hormiga cortadora,Mutualismo,5,5,1
3249,Boa constrictor,Productor,Mono araña,Descomposición,6,30,6
3250,Mono araña,Consumidor terciario,Termitas,Depredación,6,41,7
3251,Termitas,Consumidor terciario,Tucán,Depredación,3,47,4
3252,Águila harpía,Productor,Hormiga cortadora,Herbivoría,1,33,6
3253,Mono araña,Consumidor primario,Jaguar,Herbivoría,3,32,8
3254,Venado,Consumidor terciario,Termitas,Depredación,5,27,6
3255,Mono araña,Consumidor primario,Anaconda,Herbivoría,7,43,7
3256,Venado,Consumidor terciario,Águila harpía,Depredación,4,30,8
3257,Mono araña,Descomponedor,Jaguar,Competencia,1,14,7
3258,Hormiga cortadora,Consumidor terciario,Boa constrictor,Competencia,3,35,6
3259,Rana venenosa,Descomponedor,Tucán,Competencia,9,43,1
3260,Águila harpía,Consumidor terciario,Boa constrictor,Competencia,2,21,7
3261,Hormiga cortadora,Productor,Mono araña,Herbivoría,2,26,2
3262,Tucán,Productor,Boa constrictor,Competencia,3,21,5
3263,Jaguar,Consumidor secundario,Jaguar,Mutualismo,3,46,5
3264,Venado,Consumidor secundario,Jaguar,Mutualismo,2,8,4
3265,Boa constrictor,Consumidor primario,Mono araña,Competencia,3,34,10
3266,Águila harpía,Consumidor terciario,Termitas,Mutualismo,3,25,6
3267,Hormiga cortadora,Consumidor terciario,Rana venenosa,Mutualismo,5,36,1
3268,Termitas,Consumidor primario,Mono araña,Competencia,10,26,6
3269,Mono araña,Consumidor primario,Venado,Mutualismo,7,22,7
3270,Mono araña,Consumidor secundario,Anaconda,Herbivoría,9,47,2
3271,Águila harpía,Productor,Anaconda,Mutualismo,6,12,4
3272,Tucán,Consumidor primario,Hormiga cortadora,Descomposición,10,10,10
3273,Tucán,Consumidor secundario,Venado,Depredación,4,38,6
3274,Anaconda,Consumidor primario,Venado,Mutualismo,6,26,3
3275,Tucán,Consumidor secundario,Tucán,Mutualismo,4,2,9
3276,Anaconda,Consumidor primario,Águila harpía,Mutualismo,3,48,4
3277,Águila harpía,Consumidor terciario,Jaguar,Competencia,10,31,9
3278,Águila harpía,Descomponedor,Rana venenosa,Depredación,1,20,7
3279,Boa constrictor,Consumidor terciario,Hormiga cortadora,Depredación,6,29,6
3280,Hormiga cortadora,Consumidor secundario,Águila harpía,Descomposición,6,22,3
3281,Águila harpía,Descomponedor,Jaguar,Descomposición,9,2,7
3282,Hormiga cortadora,Descomponedor,Rana venenosa,Herbivoría,6,27,5
3283,Mono araña,Consumidor primario,Jaguar,Herbivoría,8,17,4
3284,Jaguar,Consumidor secundario,Jaguar,Competencia,3,8,9
3285,Rana venenosa,Descomponedor,Jaguar,Descomposición,5,6,10
3286,Hormiga cortadora,Consumidor secundario,Anaconda,Depredación,6,20,9
3287,Jaguar,Productor,Tucán,Competencia,1,15,7
3288,Boa constrictor,Descomponedor,Venado,Descomposición,7,18,5
3289,Anaconda,Consumidor terciario,Termitas,Herbivoría,10,33,8
3290,Anaconda,Consumidor secundario,Termitas,Descomposición,7,16,1
3291,Anaconda,Descomponedor,Hormiga cortadora,Descomposición,10,1,1
3292,Boa constrictor,Consumidor secundario,Mono araña,Mutualismo,4,27,5
3293,Anaconda,Consumidor terciario,Rana venenosa,Descomposición,5,2,9
3294,Hormiga cortadora,Descomponedor,Tucán,Mutualismo,6,46,4
3295,Tucán,Descomponedor,Águila harpía,Depredación,1,36,2
3296,Termitas,Productor,Jaguar,Depredación,3,4,10
3297,Boa constrictor,Consumidor primario,Boa constrictor,Mutualismo,5,2,1
3298,Águila harpía,Consumidor primario,Rana venenosa,Depredación,3,48,1
3299,Rana venenosa,Consumidor secundario,Jaguar,Depredación,3,10,6
3300,Hormiga cortadora,Consumidor terciario,Venado,Depredación,4,2,1
3301,Tucán,Productor,Anaconda,Depredación,9,25,2
3302,Rana venenosa,Consumidor secundario,Venado,Competencia,5,40,8
3303,Anaconda,Consumidor secundario,Mono araña,Competencia,10,31,10
3304,Tucán,Descomponedor,Boa constrictor,Competencia,4,15,4
3305,Jaguar,Consumidor secundario,Hormiga cortadora,Herbivoría,3,3,5
3306,Tucán,Consumidor terciario,Rana venenosa,Competencia,7,10,8
3307,Hormiga cortadora,Consumidor secundario,Águila harpía,Herbivoría,10,41,7
3308,Boa constrictor,Productor,Mono araña,Descomposición,4,25,4
3309,Águila harpía,Descomponedor,Hormiga cortadora,Herbivoría,3,15,5
3310,Mono araña,Consumidor terciario,Boa constrictor,Mutualismo,7,33,8
3311,Boa constrictor,Productor,Hormiga cortadora,Competencia,4,46,5
3312,Boa constrictor,Descomponedor,Anaconda,Competencia,3,29,10
3313,Jaguar,Descomponedor,Venado,Herbivoría,4,49,1
3314,Águila harpía,Consumidor terciario,Boa constrictor,Mutualismo,5,25,5
3315,Tucán,Consumidor terciario,Venado,Depredación,4,42,2
3316,Boa constrictor,Consumidor secundario,Mono araña,Descomposición,6,3,5
3317,Anaconda,Productor,Boa constrictor,Herbivoría,10,32,8
3318,Mono araña,Consumidor primario,Águila harpía,Competencia,2,9,1
3319,Tucán,Consumidor terciario,Rana venenosa,Depredación,4,49,10
3320,Águila harpía,Consumidor primario,Jaguar,Mutualismo,2,23,7
3321,Boa constrictor,Consumidor secundario,Rana venenosa,Depredación,1,6,4
3322,Rana venenosa,Descomponedor,Tucán,Herbivoría,8,17,9
3323,Mono araña,Descomponedor,Tucán,Competencia,2,46,9
3324,Boa constrictor,Consumidor terciario,Águila harpía,Competencia,2,31,8
3325,Anaconda,Consumidor secundario,Boa constrictor,Descomposición,5,1,4
3326,Anaconda,Consumidor terciario,Anaconda,Descomposición,5,22,8
3327,Rana venenosa,Descomponedor,Rana venenosa,Depredación,5,11,5
3328,Tucán,Consumidor primario,Rana venenosa,Descomposición,2,9,4
3329,Jaguar,Consumidor secundario,Rana venenosa,Herbivoría,8,10,9
3330,Águila harpía,Consumidor secundario,Boa constrictor,Descomposición,5,5,4
3331,Boa constrictor,Descomponedor,Boa constrictor,Competencia,2,30,5
3332,Hormiga cortadora,Descomponedor,Águila harpía,Herbivoría,10,21,9
3333,Anaconda,Consumidor primario,Rana venenosa,Competencia,5,6,4
3334,Venado,Consumidor primario,Hormiga cortadora,Descomposición,5,50,2
3335,Rana venenosa,Productor,Boa constrictor,Depredación,3,27,4
3336,Anaconda,Consumidor terciario,Boa constrictor,Depredación,6,20,8
3337,Venado,Consumidor terciario,Hormiga cortadora,Depredación,1,48,7
3338,Jaguar,Consumidor terciario,Anaconda,Depredación,7,29,3
3339,Mono araña,Consumidor primario,Venado,Herbivoría,3,44,2
3340,Jaguar,Consumidor terciario,Tucán,Competencia,3,20,9
3341,Águila harpía,Productor,Rana venenosa,Depredación,3,28,4
3342,Águila harpía,Consumidor terciario,Venado,Competencia,7,35,10
3343,Tucán,Productor,Hormiga cortadora,Mutualismo,9,19,10
3344,Jaguar,Consumidor primario,Mono araña,Herbivoría,9,17,10
3345,Termitas,Productor,Mono araña,Descomposición,7,35,4
3346,Mono araña,Consumidor secundario,Tucán,Depredación,3,23,8
3347,Mono araña,Consumidor secundario,Tucán,Mutualismo,4,20,3
3348,Rana venenosa,Consumidor secundario,Venado,Competencia,7,47,1
3349,Jaguar,Descomponedor,Hormiga cortadora,Competencia,8,25,9
3350,Boa constrictor,Consumidor primario,Águila harpía,Mutualismo,10,30,8
3351,Boa constrictor,Consumidor terciario,Venado,Herbivoría,7,20,5
3352,Mono araña,Consumidor secundario,Águila harpía,Herbivoría,10,48,3
3353,Mono araña,Productor,Rana venenosa,Descomposición,7,42,7
3354,Rana venenosa,Consumidor terciario,Boa constrictor,Herbivoría,9,44,8
3355,Rana venenosa,Productor,Termitas,Descomposición,1,13,4
3356,Águila harpía,Consumidor primario,Boa constrictor,Competencia,2,15,10
3357,Termitas,Consumidor secundario,Termitas,Herbivoría,7,14,7
3358,Hormiga cortadora,Consumidor terciario,Jaguar,Descomposición,1,13,3
3359,Hormiga cortadora,Consumidor secundario,Venado,Mutualismo,10,7,7
3360,Termitas,Descomponedor,Tucán,Descomposición,1,13,3
3361,Tucán,Productor,Termitas,Mutualismo,5,34,10
3362,Mono araña,Consumidor secundario,Anaconda,Herbivoría,9,15,10
3363,Termitas,Consumidor primario,Boa constrictor,Depredación,4,42,5
3364,Boa constrictor,Consumidor primario,Mono araña,Depredación,10,20,1
3365,Venado,Productor,Águila harpía,Mutualismo,9,21,10
3366,Anaconda,Consumidor primario,Termitas,Competencia,9,36,8
3367,Anaconda,Consumidor secundario,Venado,Mutualismo,4,28,9
3368,Águila harpía,Consumidor terciario,Rana venenosa,Depredación,7,5,1
3369,Anaconda,Consumidor terciario,Jaguar,Descomposición,5,21,3
3370,Termitas,Consumidor secundario,Mono araña,Mutualismo,2,49,8
3371,Venado,Productor,Venado,Herbivoría,1,30,6
3372,Mono araña,Descomponedor,Rana venenosa,Herbivoría,1,18,4
3373,Termitas,Consumidor secundario,Hormiga cortadora,Herbivoría,8,4,10
3374,Termitas,Descomponedor,Hormiga cortadora,Herbivoría,5,24,9
3375,Termitas,Consumidor terciario,Jaguar,Descomposición,4,38,7
3376,Mono araña,Consumidor secundario,Venado,Herbivoría,2,8,7
3377,Boa constrictor,Productor,Hormiga cortadora,Herbivoría,8,18,3
3378,Tucán,Consumidor secundario,Termitas,Competencia,5,22,1
3379,Águila harpía,Consumidor primario,Águila harpía,Competencia,6,13,5
3380,Hormiga cortadora,Consumidor secundario,Águila harpía,Competencia,1,41,10
3381,Termitas,Descomponedor,Tucán,Descomposición,2,5,8
3382,Hormiga cortadora,Consumidor secundario,Tucán,Mutualismo,4,37,8
3383,Termitas,Consumidor terciario,Anaconda,Descomposición,9,9,1
3384,Termitas,Consumidor primario,Mono araña,Descomposición,7,31,6
3385,Hormiga cortadora,Consumidor primario,Venado,Mutualismo,6,13,7
3386,Hormiga cortadora,Consumidor primario,Hormiga cortadora,Competencia,10,12,4
3387,Tucán,Consumidor primario,Mono araña,Competencia,9,26,3
3388,Mono araña,Descomponedor,Mono araña,Herbivoría,7,3,4
3389,Rana venenosa,Consumidor primario,Hormiga cortadora,Descomposición,3,40,3
3390,Termitas,Consumidor primario,Mono araña,Competencia,8,25,2
3391,Venado,Descomponedor,Jaguar,Mutualismo,1,11,5
3392,Rana venenosa,Consumidor terciario,Boa constrictor,Mutualismo,2,35,9
3393,Mono araña,Consumidor secundario,Termitas,Descomposición,3,22,5
3394,Jaguar,Consumidor primario,Jaguar,Depredación,7,15,2
3395,Venado,Consumidor primario,Jaguar,Depredación,1,23,4
3396,Termitas,Consumidor terciario,Hormiga cortadora,Depredación,5,27,9
3397,Águila harpía,Productor,Boa constrictor,Mutualismo,8,5,5
3398,Hormiga cortadora,Consumidor primario,Rana venenosa,Mutualismo,6,39,6
3399,Tucán,Descomponedor,Anaconda,Depredación,7,50,5
3400,Hormiga cortadora,Descomponedor,Hormiga cortadora,Depredación,6,27,8
3401,Venado,Descomponedor,Tucán,Depredación,2,34,7
3402,Jaguar,Consumidor secundario,Boa constrictor,Herbivoría,8,43,5
3403,Venado,Consumidor secundario,Tucán,Herbivoría,5,27,10
3404,Tucán,Consumidor terciario,Jaguar,Herbivoría,7,7,3
3405,Jaguar,Consumidor secundario,Hormiga cortadora,Herbivoría,10,49,8
3406,Hormiga cortadora,Productor,Mono araña,Depredación,1,30,8
3407,Águila harpía,Consumidor secundario,Rana venenosa,Herbivoría,8,19,10
3408,Mono araña,Consumidor secundario,Hormiga cortadora,Mutualismo,8,31,6
3409,Águila harpía,Productor,Venado,Herbivoría,10,7,8
3410,Tucán,Productor,Termitas,Competencia,10,41,5
3411,Anaconda,Descomponedor,Hormiga cortadora,Depredación,3,41,8
3412,Boa constrictor,Consumidor terciario,Hormiga cortadora,Mutualismo,9,31,3
3413,Venado,Descomponedor,Hormiga cortadora,Competencia,10,39,4
3414,Tucán,Descomponedor,Tucán,Descomposición,3,36,9
3415,Anaconda,Consumidor terciario,Anaconda,Descomposición,8,41,8
3416,Águila harpía,Consumidor secundario,Águila harpía,Mutualismo,7,43,3
3417,Tucán,Consumidor secundario,Jaguar,Descomposición,7,19,1
3418,Anaconda,Consumidor primario,Mono araña,Competencia,3,1,3
3419,Águila harpía,Consumidor secundario,Boa constrictor,Depredación,9,5,8
3420,Mono araña,Descomponedor,Mono araña,Depredación,7,28,6
3421,Jaguar,Consumidor primario,Venado,Mutualismo,1,13,6
3422,Jaguar,Productor,Mono araña,Depredación,5,2,5
3423,Mono araña,Consumidor terciario,Hormiga cortadora,Herbivoría,4,15,10
3424,Tucán,Consumidor terciario,Hormiga cortadora,Descomposición,4,23,8
3425,Mono araña,Descomponedor,Rana venenosa,Mutualismo,3,8,4
3426,Rana venenosa,Productor,Mono araña,Descomposición,7,13,2
3427,Jaguar,Consumidor secundario,Hormiga cortadora,Competencia,6,48,3
3428,Mono araña,Consumidor terciario,Águila harpía,Mutualismo,6,9,10
3429,Rana venenosa,Descomponedor,Termitas,Depredación,9,14,6
3430,Termitas,Consumidor primario,Tucán,Competencia,2,9,5
3431,Tucán,Descomponedor,Tucán,Mutualismo,9,44,4
3432,Anaconda,Consumidor secundario,Tucán,Mutualismo,10,1,2
3433,Águila harpía,Consumidor terciario,Mono araña,Herbivoría,7,40,1
3434,Mono araña,Descomponedor,Tucán,Herbivoría,1,8,6
3435,Boa constrictor,Consumidor terciario,Rana venenosa,Descomposición,9,26,10
3436,Mono araña,Consumidor terciario,Hormiga cortadora,Depredación,4,15,8
3437,Jaguar,Consumidor secundario,Hormiga cortadora,Descomposición,5,30,4
3438,Mono araña,Consumidor terciario,Rana venenosa,Mutualismo,5,42,1
3439,Águila harpía,Consumidor primario,Anaconda,Descomposición,10,36,1
3440,Boa constrictor,Consumidor terciario,Boa constrictor,Depredación,6,44,5
3441,Jaguar,Consumidor terciario,Hormiga cortadora,Descomposición,2,18,8
3442,Anaconda,Descomponedor,Águila harpía,Competencia,7,5,5
3443,Termitas,Consumidor terciario,Mono araña,Descomposición,8,31,3
3444,Hormiga cortadora,Productor,Águila harpía,Competencia,7,39,1
3445,Rana venenosa,Consumidor primario,Jaguar,Depredación,10,44,3
3446,Mono araña,Consumidor primario,Mono araña,Herbivoría,6,14,7
3447,Hormiga cortadora,Consumidor primario,Jaguar,Depredación,9,43,2
3448,Mono araña,Consumidor terciario,Termitas,Depredación,1,37,10
3449,Boa constrictor,Consumidor secundario,Anaconda,Herbivoría,5,22,1
3450,Hormiga cortadora,Productor,Rana venenosa,Herbivoría,1,21,2
3451,Boa constrictor,Productor,Jaguar,Depredación,8,20,9
3452,Termitas,Consumidor terciario,Hormiga cortadora,Herbivoría,6,49,5
3453,Anaconda,Productor,Hormiga cortadora,Competencia,10,11,7
3454,Boa constrictor,Consumidor secundario,Hormiga cortadora,Competencia,3,50,7
3455,Águila harpía,Descomponedor,Rana venenosa,Competencia,8,44,6
3456,Termitas,Productor,Termitas,Depredación,2,17,3
3457,Venado,Consumidor primario,Jaguar,Competencia,1,4,8
3458,Hormiga cortadora,Productor,Termitas,Competencia,7,48,6
3459,Mono araña,Consumidor primario,Tucán,Competencia,7,39,9
3460,Rana venenosa,Consumidor primario,Tucán,Competencia,10,45,4
3461,Jaguar,Consumidor terciario,Anaconda,Mutualismo,9,48,7
3462,Termitas,Consumidor primario,Termitas,Competencia,8,32,4
3463,Anaconda,Consumidor primario,Termitas,Depredación,2,46,6
3464,Boa constrictor,Consumidor terciario,Hormiga cortadora,Competencia,3,37,3
3465,Rana venenosa,Consumidor secundario,Jaguar,Mutualismo,6,47,6
3466,Jaguar,Consumidor terciario,Mono araña,Depredación,7,7,2
3467,Venado,Consumidor terciario,Venado,Depredación,7,50,6
3468,Tucán,Consumidor terciario,Rana venenosa,Depredación,5,30,7
3469,Jaguar,Consumidor secundario,Anaconda,Mutualismo,7,23,5
3470,Jaguar,Consumidor secundario,Termitas,Competencia,10,2,10
3471,Venado,Consumidor secundario,Mono araña,Depredación,4,49,1
3472,Anaconda,Consumidor terciario,Anaconda,Descomposición,5,14,5
3473,Águila harpía,Consumidor primario,Águila harpía,Herbivoría,9,9,4
3474,Venado,Productor,Tucán,Depredación,9,15,1
3475,Águila harpía,Consumidor primario,Hormiga cortadora,Depredación,6,9,8
3476,Jaguar,Consumidor secundario,Jaguar,Depredación,2,31,10
3477,Venado,Consumidor terciario,Anaconda,Herbivoría,3,37,1
3478,Rana venenosa,Consumidor terciario,Jaguar,Depredación,2,2,3
3479,Venado,Descomponedor,Venado,Depredación,1,21,6
3480,Águila harpía,Consumidor primario,Tucán,Competencia,8,47,6
3481,Jaguar,Consumidor secundario,Boa constrictor,Descomposición,5,1,1
3482,Hormiga cortadora,Consumidor terciario,Boa constrictor,Depredación,5,7,6
3483,Mono araña,Consumidor primario,Mono araña,Competencia,7,12,3
3484,Rana venenosa,Consumidor secundario,Mono araña,Mutualismo,10,38,2
3485,Mono araña,Descomponedor,Anaconda,Competencia,8,29,6
3486,Tucán,Descomponedor,Boa constrictor,Herbivoría,6,49,10
3487,Jaguar,Consumidor secundario,Venado,Competencia,4,45,3
3488,Anaconda,Productor,Mono araña,Descomposición,1,36,2
3489,Boa constrictor,Consumidor primario,Tucán,Competencia,8,7,2
3490,Águila harpía,Consumidor primario,Anaconda,Descomposición,10,25,1
3491,Venado,Consumidor primario,Boa constrictor,Herbivoría,2,38,1
3492,Tucán,Descomponedor,Termitas,Herbivoría,6,49,6
3493,Tucán,Consumidor primario,Tucán,Herbivoría,3,1,9
3494,Termitas,Productor,Anaconda,Competencia,1,37,7
3495,Águila harpía,Descomponedor,Termitas,Competencia,4,34,7
3496,Rana venenosa,Descomponedor,Hormiga cortadora,Mutualismo,4,19,3
3497,Anaconda,Consumidor terciario,Rana venenosa,Depredación,3,40,10
3498,Anaconda,Descomponedor,Hormiga cortadora,Herbivoría,7,22,2
3499,Tucán,Consumidor secundario,Águila harpía,Descomposición,3,8,8
3500,Boa constrictor,Consumidor terciario,Venado,Mutualismo,6,16,6
3501,Tucán,Productor,Boa constrictor,Descomposición,6,4,6
3502,Termitas,Consumidor terciario,Boa constrictor,Mutualismo,3,33,1
3503,Anaconda,Consumidor terciario,Mono araña,Mutualismo,10,25,6
3504,Tucán,Consumidor secundario,Tucán,Depredación,9,45,3
3505,Jaguar,Consumidor primario,Águila harpía,Herbivoría,3,3,8
3506,Venado,Consumidor secundario,Boa constrictor,Depredación,10,39,9
3507,Rana venenosa,Consumidor primario,Anaconda,Depredación,10,17,7
3508,Águila harpía,Consumidor terciario,Rana venenosa,Mutualismo,8,19,1
3509,Termitas,Descomponedor,Mono araña,Herbivoría,1,25,9
3510,Águila harpía,Consumidor primario,Venado,Herbivoría,4,15,7
3511,Águila harpía,Productor,Rana venenosa,Competencia,4,7,4
3512,Rana venenosa,Consumidor primario,Venado,Mutualismo,2,2,6
3513,Águila harpía,Productor,Anaconda,Mutualismo,9,24,6
3514,Águila harpía,Productor,Anaconda,Herbivoría,4,42,6
3515,Jaguar,Descomponedor,Termitas,Depredación,2,31,10
3516,Águila harpía,Descomponedor,Boa constrictor,Depredación,2,46,1
3517,Jaguar,Productor,Mono araña,Competencia,6,5,4
3518,Venado,Consumidor secundario,Tucán,Mutualismo,2,20,7
3519,Mono araña,Descomponedor,Mono araña,Herbivoría,8,17,6
3520,Anaconda,Consumidor primario,Rana venenosa,Herbivoría,7,7,1
3521,Águila harpía,Consumidor secundario,Boa constrictor,Descomposición,7,43,4
3522,Rana venenosa,Descomponedor,Rana venenosa,Herbivoría,6,2,4
3523,Venado,Productor,Tucán,Mutualismo,3,38,1
3524,Venado,Consumidor secundario,Mono araña,Mutualismo,10,4,2
3525,Termitas,Consumidor primario,Termitas,Depredación,7,9,7
3526,Tucán,Consumidor secundario,Mono araña,Mutualismo,7,22,8
3527,Boa constrictor,Descomponedor,Hormiga cortadora,Competencia,8,4,6
3528,Rana venenosa,Consumidor secundario,Jaguar,Competencia,6,44,2
3529,Anaconda,Productor,Águila harpía,Depredación,7,19,1
3530,Rana venenosa,Consumidor primario,Jaguar,Herbivoría,10,44,3
3531,Rana venenosa,Productor,Termitas,Herbivoría,1,44,2
3532,Águila harpía,Consumidor terciario,Boa constrictor,Mutualismo,10,31,2
3533,Anaconda,Productor,Tucán,Descomposición,8,44,10
3534,Jaguar,Consumidor secundario,Rana venenosa,Herbivoría,3,2,7
3535,Hormiga cortadora,Consumidor primario,Mono araña,Mutualismo,8,7,9
3536,Mono araña,Consumidor secundario,Rana venenosa,Mutualismo,2,29,4
3537,Venado,Consumidor secundario,Termitas,Depredación,5,21,9
3538,Jaguar,Productor,Termitas,Descomposición,8,30,8
3539,Hormiga cortadora,Consumidor primario,Boa constrictor,Depredación,8,34,7
3540,Tucán,Productor,Jaguar,Depredación,9,7,4
3541,Rana venenosa,Descomponedor,Mono araña,Herbivoría,8,41,7
3542,Rana venenosa,Consumidor secundario,Tucán,Depredación,7,11,7
3543,Termitas,Descomponedor,Boa constrictor,Competencia,9,23,8
3544,Mono araña,Consumidor terciario,Tucán,Depredación,2,26,1
3545,Boa constrictor,Productor,Jaguar,Descomposición,7,8,2
3546,Mono araña,Consumidor terciario,Rana venenosa,Competencia,5,35,9
3547,Tucán,Consumidor terciario,Mono araña,Herbivoría,10,1,4
3548,Tucán,Consumidor primario,Mono araña,Herbivoría,8,8,6
3549,Rana venenosa,Consumidor terciario,Boa constrictor,Herbivoría,1,6,10
3550,Boa constrictor,Consumidor primario,Tucán,Mutualismo,1,22,7
3551,Anaconda,Descomponedor,Termitas,Herbivoría,4,1,7
3552,Mono araña,Consumidor primario,Boa constrictor,Depredación,8,48,4
3553,Hormiga cortadora,Consumidor terciario,Termitas,Mutualismo,8,33,3
3554,Anaconda,Consumidor terciario,Boa constrictor,Competencia,5,47,6
3555,Termitas,Productor,Mono araña,Depredación,10,12,6
3556,Venado,Descomponedor,Hormiga cortadora,Competencia,7,22,7
3557,Anaconda,Descomponedor,Hormiga cortadora,Herbivoría,5,35,8
3558,Venado,Consumidor terciario,Venado,Competencia,10,11,2
3559,Rana venenosa,Consumidor terciario,Termitas,Descomposición,3,25,6
3560,Hormiga cortadora,Descomponedor,Anaconda,Mutualismo,3,36,8
3561,Rana venenosa,Consumidor primario,Anaconda,Descomposición,9,29,8
3562,Venado,Descomponedor,Venado,Mutualismo,8,31,5
3563,Jaguar,Descomponedor,Termitas,Herbivoría,7,37,3
3564,Venado,Consumidor secundario,Rana venenosa,Competencia,3,27,2
3565,Venado,Consumidor secundario,Venado,Mutualismo,9,45,2
3566,Rana venenosa,Consumidor terciario,Jaguar,Mutualismo,7,42,4
3567,Boa constrictor,Consumidor secundario,Anaconda,Depredación,5,49,8
3568,Venado,Consumidor terciario,Águila harpía,Mutualismo,5,20,5
3569,Mono araña,Consumidor terciario,Rana venenosa,Mutualismo,9,13,6
3570,Boa constrictor,Consumidor terciario,Rana venenosa,Competencia,3,36,7
3571,Tucán,Consumidor secundario,Venado,Descomposición,3,49,9
3572,Rana venenosa,Productor,Boa constrictor,Descomposición,7,17,2
3573,Rana venenosa,Consumidor secundario,Venado,Herbivoría,1,30,1
3574,Águila harpía,Consumidor terciario,Águila harpía,Mutualismo,4,49,3
3575,Hormiga cortadora,Consumidor primario,Jaguar,Depredación,7,47,10
3576,Boa constrictor,Consumidor secundario,Boa constrictor,Mutualismo,8,26,4
3577,Mono araña,Productor,Boa constrictor,Herbivoría,6,9,6
3578,Tucán,Descomponedor,Rana venenosa,Descomposición,3,22,1
3579,Hormiga cortadora,Consumidor terciario,Hormiga cortadora,Competencia,5,47,9
3580,Hormiga cortadora,Descomponedor,Boa constrictor,Descomposición,1,30,7
3581,Hormiga cortadora,Consumidor primario,Termitas,Herbivoría,5,24,8
3582,Rana venenosa,Productor,Tucán,Depredación,9,11,7
3583,Águila harpía,Consumidor secundario,Rana venenosa,Competencia,10,30,7
3584,Tucán,Descomponedor,Tucán,Depredación,7,50,2
3585,Anaconda,Consumidor primario,Mono araña,Competencia,6,6,2
3586,Boa constrictor,Productor,Mono araña,Herbivoría,8,15,5
3587,Águila harpía,Descomponedor,Águila harpía,Depredación,10,1,7
3588,Hormiga cortadora,Consumidor terciario,Mono araña,Mutualismo,2,49,2
3589,Hormiga cortadora,Productor,Venado,Depredación,5,12,7
3590,Mono araña,Consumidor secundario,Tucán,Descomposición,10,10,3
3591,Tucán,Descomponedor,Boa constrictor,Mutualismo,10,17,2
3592,Hormiga cortadora,Consumidor secundario,Hormiga cortadora,Herbivoría,9,18,3
3593,Tucán,Consumidor primario,Anaconda,Descomposición,8,49,4
3594,Mono araña,Consumidor terciario,Rana venenosa,Descomposición,5,17,1
3595,Boa constrictor,Consumidor primario,Boa constrictor,Competencia,9,31,10
3596,Termitas,Descomponedor,Águila harpía,Depredación,6,5,1
3597,Termitas,Consumidor terciario,Águila harpía,Mutualismo,3,31,1
3598,Tucán,Consumidor terciario,Venado,Herbivoría,4,8,10
3599,Boa constrictor,Productor,Hormiga cortadora,Depredación,7,10,8
3600,Termitas,Consumidor terciario,Anaconda,Depredación,6,42,3
3601,Tucán,Descomponedor,Hormiga cortadora,Depredación,4,49,9
3602,Mono araña,Consumidor terciario,Termitas,Depredación,2,39,5
3603,Termitas,Consumidor primario,Termitas,Depredación,10,39,3
3604,Termitas,Productor,Hormiga cortadora,Competencia,7,32,8
3605,Jaguar,Descomponedor,Boa constrictor,Descomposición,3,14,4
3606,Águila harpía,Descomponedor,Boa constrictor,Depredación,8,5,10
3607,Venado,Descomponedor,Rana venenosa,Depredación,7,23,2
3608,Termitas,Consumidor secundario,Águila harpía,Herbivoría,7,32,5
3609,Jaguar,Consumidor secundario,Tucán,Depredación,7,46,8
3610,Jaguar,Productor,Águila harpía,Mutualismo,1,32,6
3611,Rana venenosa,Consumidor terciario,Jaguar,Descomposición,3,30,4
3612,Boa constrictor,Productor,Termitas,Herbivoría,1,1,5
3613,Tucán,Descomponedor,Tucán,Herbivoría,3,8,4
3614,Termitas,Descomponedor,Tucán,Descomposición,1,18,5
3615,Jaguar,Productor,Tucán,Depredación,10,44,8
3616,Rana venenosa,Productor,Águila harpía,Depredación,1,32,5
3617,Termitas,Descomponedor,Mono araña,Competencia,10,14,3
3618,Rana venenosa,Consumidor terciario,Termitas,Mutualismo,2,48,7
3619,Hormiga cortadora,Consumidor terciario,Hormiga cortadora,Depredación,3,11,5
3620,Rana venenosa,Consumidor terciario,Hormiga cortadora,Herbivoría,1,42,10
3621,Águila harpía,Productor,Jaguar,Mutualismo,7,38,7
3622,Águila harpía,Consumidor primario,Hormiga cortadora,Herbivoría,6,24,10
3623,Boa constrictor,Consumidor terciario,Águila harpía,Descomposición,8,42,2
3624,Termitas,Consumidor secundario,Águila harpía,Herbivoría,1,38,2
3625,Rana venenosa,Descomponedor,Mono araña,Competencia,7,5,8
3626,Rana venenosa,Consumidor terciario,Jaguar,Competencia,3,18,3
3627,Boa constrictor,Consumidor terciario,Anaconda,Depredación,6,35,1
3628,Rana venenosa,Consumidor primario,Águila harpía,Competencia,1,25,9
3629,Venado,Consumidor primario,Mono araña,Herbivoría,1,49,7
3630,Jaguar,Consumidor primario,Termitas,Competencia,6,8,8
3631,Rana venenosa,Consumidor primario,Mono araña,Competencia,2,24,1
3632,Jaguar,Descomponedor,Hormiga cortadora,Herbivoría,1,16,4
3633,Tucán,Consumidor terciario,Anaconda,Herbivoría,2,13,9
3634,Jaguar,Productor,Rana venenosa,Herbivoría,7,9,10
3635,Jaguar,Consumidor terciario,Termitas,Descomposición,7,6,4
3636,Tucán,Descomponedor,Termitas,Descomposición,1,22,9
3637,Boa constrictor,Consumidor primario,Venado,Herbivoría,9,43,4
3638,Boa constrictor,Descomponedor,Águila harpía,Competencia,8,50,6
3639,Rana venenosa,Consumidor primario,Rana venenosa,Competencia,3,29,4
3640,Jaguar,Consumidor secundario,Boa constrictor,Descomposición,7,45,6
3641,Rana venenosa,Consumidor terciario,Hormiga cortadora,Competencia,9,17,6
3642,Tucán,Consumidor primario,Jaguar,Competencia,1,17,6
3643,Águila harpía,Consumidor primario,Tucán,Mutualismo,3,4,8
3644,Venado,Descomponedor,Venado,Mutualismo,2,23,4
3645,Tucán,Productor,Jaguar,Descomposición,4,36,10
3646,Anaconda,Consumidor secundario,Termitas,Descomposición,8,1,7
3647,Anaconda,Consumidor secundario,Hormiga cortadora,Depredación,1,2,1
3648,Mono araña,Descomponedor,Boa constrictor,Herbivoría,1,2,3
3649,Rana venenosa,Descomponedor,Mono araña,Mutualismo,9,42,8
3650,Hormiga cortadora,Consumidor primario,Jaguar,Competencia,6,47,9
3651,Anaconda,Consumidor terciario,Termitas,Mutualismo,5,23,7
3652,Tucán,Consumidor secundario,Venado,Competencia,1,11,6
3653,Tucán,Descomponedor,Rana venenosa,Depredación,6,22,8
3654,Águila harpía,Consumidor secundario,Venado,Competencia,8,20,3
3655,Mono araña,Descomponedor,Boa constrictor,Descomposición,10,28,5
3656,Termitas,Productor,Tucán,Herbivoría,10,43,2
3657,Venado,Descomponedor,Hormiga cortadora,Depredación,7,20,4
3658,Hormiga cortadora,Productor,Rana venenosa,Competencia,9,34,1
3659,Tucán,Consumidor terciario,Tucán,Descomposición,6,44,6
3660,Tucán,Productor,Jaguar,Descomposición,4,8,4
3661,Boa constrictor,Descomponedor,Boa constrictor,Herbivoría,2,27,2
3662,Jaguar,Descomponedor,Boa constrictor,Competencia,3,35,5
3663,Rana venenosa,Productor,Águila harpía,Competencia,5,31,6
3664,Tucán,Productor,Venado,Mutualismo,5,45,5
3665,Rana venenosa,Consumidor terciario,Termitas,Competencia,1,48,1
3666,Águila harpía,Consumidor primario,Tucán,Competencia,3,32,4
3667,Rana venenosa,Consumidor secundario,Tucán,Competencia,9,26,1
3668,Hormiga cortadora,Consumidor secundario,Venado,Depredación,4,9,4
3669,Jaguar,Descomponedor,Rana venenosa,Depredación,5,35,4
3670,Águila harpía,Consumidor secundario,Boa constrictor,Descomposición,7,34,8
3671,Anaconda,Descomponedor,Anaconda,Depredación,5,49,7
3672,Venado,Productor,Anaconda,Descomposición,6,29,1
3673,Águila harpía,Consumidor primario,Águila harpía,Descomposición,5,23,2
3674,Jaguar,Consumidor terciario,Águila harpía,Depredación,4,7,3
3675,Termitas,Consumidor secundario,Anaconda,Descomposición,5,10,1
3676,Mono araña,Productor,Rana venenosa,Mutualismo,3,18,5
3677,Mono araña,Descomponedor,Águila harpía,Descomposición,3,32,8
3678,Anaconda,Productor,Venado,Herbivoría,1,4,6
3679,Jaguar,Consumidor primario,Venado,Mutualismo,5,12,9
3680,Termitas,Consumidor secundario,Hormiga cortadora,Competencia,1,12,9
3681,Anaconda,Productor,Mono araña,Mutualismo,8,7,10
3682,Rana venenosa,Consumidor primario,Mono araña,Herbivoría,6,11,6
3683,Hormiga cortadora,Productor,Tucán,Descomposición,7,39,6
3684,Mono araña,Consumidor secundario,Rana venenosa,Competencia,1,39,7
3685,Boa constrictor,Consumidor secundario,Tucán,Competencia,7,24,6
3686,Tucán,Consumidor primario,Hormiga cortadora,Herbivoría,3,15,8
3687,Tucán,Descomponedor,Jaguar,Herbivoría,5,36,3
3688,Termitas,Consumidor secundario,Águila harpía,Descomposición,3,12,5
3689,Anaconda,Consumidor secundario,Jaguar,Descomposición,9,35,1
3690,Hormiga cortadora,Descomponedor,Jaguar,Mutualismo,6,49,6
3691,Jaguar,Descomponedor,Rana venenosa,Competencia,10,7,8
3692,Jaguar,Consumidor secundario,Rana venenosa,Depredación,5,13,8
3693,Tucán,Consumidor terciario,Águila harpía,Descomposición,8,12,7
3694,Venado,Consumidor secundario,Hormiga cortadora,Herbivoría,7,39,1
3695,Mono araña,Consumidor secundario,Boa constrictor,Mutualismo,8,6,2
3696,Águila harpía,Descomponedor,Jaguar,Competencia,3,40,6
3697,Venado,Consumidor secundario,Jaguar,Competencia,4,44,4
3698,Jaguar,Consumidor secundario,Tucán,Competencia,3,42,2
3699,Boa constrictor,Consumidor terciario,Mono araña,Mutualismo,4,29,5
3700,Boa constrictor,Consumidor primario,Jaguar,Depredación,10,31,10
3701,Hormiga cortadora,Productor,Jaguar,Descomposición,10,23,5
3702,Tucán,Consumidor terciario,Boa constrictor,Mutualismo,1,32,6
3703,Rana venenosa,Consumidor secundario,Anaconda,Competencia,3,50,5
3704,Tucán,Consumidor primario,Mono araña,Herbivoría,9,5,4
3705,Jaguar,Consumidor primario,Águila harpía,Depredación,3,32,7
3706,Águila harpía,Consumidor secundario,Venado,Mutualismo,6,20,5
3707,Rana venenosa,Descomponedor,Termitas,Depredación,6,26,8
3708,Boa constrictor,Consumidor terciario,Anaconda,Competencia,8,29,5
3709,Anaconda,Productor,Tucán,Descomposición,1,41,5
3710,Boa constrictor,Consumidor primario,Mono araña,Descomposición,2,9,8
3711,Rana venenosa,Consumidor primario,Hormiga cortadora,Depredación,4,42,7
3712,Rana venenosa,Descomponedor,Hormiga cortadora,Mutualismo,10,21,6
3713,Anaconda,Consumidor secundario,Anaconda,Descomposición,8,49,4
3714,Boa constrictor,Productor,Rana venenosa,Descomposición,4,18,6
3715,Anaconda,Consumidor secundario,Hormiga cortadora,Descomposición,6,13,4
3716,Águila harpía,Consumidor primario,Boa constrictor,Competencia,8,35,7
3717,Venado,Descomponedor,Águila harpía,Mutualismo,2,15,6
3718,Rana venenosa,Descomponedor,Boa constrictor,Herbivoría,10,48,2
3719,Termitas,Productor,Anaconda,Descomposición,10,43,7
3720,Anaconda,Consumidor primario,Hormiga cortadora,Herbivoría,10,38,7
3721,Venado,Consumidor primario,Venado,Depredación,3,15,6
3722,Hormiga cortadora,Consumidor terciario,Águila harpía,Competencia,2,12,9
3723,Rana venenosa,Productor,Venado,Descomposición,7,43,3
3724,Anaconda,Consumidor terciario,Hormiga cortadora,Herbivoría,3,35,1
3725,Boa constrictor,Productor,Venado,Herbivoría,9,16,5
3726,Águila harpía,Consumidor secundario,Águila harpía,Mutualismo,6,38,4
3727,Tucán,Consumidor terciario,Boa constrictor,Competencia,8,19,5
3728,Rana venenosa,Consumidor terciario,Tucán,Descomposición,3,5,10
3729,Venado,Consumidor secundario,Hormiga cortadora,Herbivoría,8,16,9
3730,Venado,Consumidor terciario,Hormiga cortadora,Mutualismo,7,46,3
3731,Águila harpía,Consumidor primario,Jaguar,Mutualismo,3,13,10
3732,Boa constrictor,Productor,Venado,Mutualismo,7,26,4
3733,Venado,Consumidor terciario,Mono araña,Competencia,8,44,8
3734,Águila harpía,Consumidor secundario,Boa constrictor,Herbivoría,5,20,6
3735,Águila harpía,Consumidor secundario,Águila harpía,Herbivoría,8,49,5
3736,Venado,Descomponedor,Mono araña,Competencia,7,46,6
3737,Anaconda,Consumidor primario,Termitas,Depredación,3,27,1
3738,Mono araña,Descomponedor,Tucán,Herbivoría,3,22,10
3739,Termitas,Descomponedor,Termitas,Competencia,7,50,10
3740,Termitas,Productor,Termitas,Herbivoría,2,20,4
3741,Venado,Descomponedor,Boa constrictor,Descomposición,7,39,10
3742,Mono araña,Consumidor primario,Hormiga cortadora,Depredación,7,50,3
3743,Termitas,Consumidor primario,Rana venenosa,Herbivoría,7,50,8
3744,Rana venenosa,Consumidor primario,Mono araña,Mutualismo,4,37,3
3745,Boa constrictor,Consumidor primario,Anaconda,Herbivoría,5,10,9
3746,Tucán,Productor,Jaguar,Herbivoría,9,14,1
3747,Rana venenosa,Consumidor terciario,Anaconda,Mutualismo,3,31,10
3748,Boa constrictor,Consumidor primario,Hormiga cortadora,Depredación,4,40,5
3749,Hormiga cortadora,Descomponedor,Mono araña,Competencia,4,35,5
3750,Boa constrictor,Consumidor secundario,Rana venenosa,Descomposición,6,14,4
3751,Jaguar,Consumidor secundario,Rana venenosa,Mutualismo,2,46,2
3752,Hormiga cortadora,Descomponedor,Anaconda,Descomposición,10,11,4
3753,Boa constrictor,Productor,Anaconda,Herbivoría,1,37,9
3754,Hormiga cortadora,Productor,Jaguar,Mutualismo,9,43,10
3755,Anaconda,Consumidor terciario,Venado,Herbivoría,7,11,6
3756,Mono araña,Productor,Hormiga cortadora,Herbivoría,6,17,6
3757,Jaguar,Consumidor terciario,Hormiga cortadora,Descomposición,10,35,6
3758,Hormiga cortadora,Descomponedor,Termitas,Descomposición,9,2,3
3759,Mono araña,Productor,Boa constrictor,Depredación,8,4,2
3760,Tucán,Consumidor primario,Tucán,Mutualismo,3,27,10
3761,Anaconda,Consumidor primario,Termitas,Depredación,7,37,6
3762,Boa constrictor,Consumidor terciario,Rana venenosa,Competencia,10,46,6
3763,Mono araña,Consumidor primario,Anaconda,Competencia,9,17,2
3764,Rana venenosa,Consumidor secundario,Hormiga cortadora,Herbivoría,10,4,7
3765,Mono araña,Consumidor terciario,Venado,Mutualismo,4,29,8
3766,Rana venenosa,Descomponedor,Jaguar,Depredación,3,12,6
3767,Boa constrictor,Descomponedor,Venado,Herbivoría,2,19,4
3768,Anaconda,Consumidor secundario,Rana venenosa,Mutualismo,3,26,6
3769,Jaguar,Descomponedor,Rana venenosa,Competencia,9,19,5
3770,Termitas,Consumidor secundario,Tucán,Herbivoría,5,9,6
3771,Termitas,Descomponedor,Hormiga cortadora,Herbivoría,1,40,10
3772,Mono araña,Descomponedor,Tucán,Depredación,2,19,1
3773,Jaguar,Consumidor primario,Águila harpía,Descomposición,3,30,4
3774,Termitas,Consumidor terciario,Rana venenosa,Herbivoría,5,10,8
3775,Hormiga cortadora,Consumidor secundario,Anaconda,Competencia,7,33,1
3776,Águila harpía,Productor,Mono araña,Descomposición,10,8,4
3777,Boa constrictor,Consumidor primario,Boa constrictor,Competencia,7,35,5
3778,Jaguar,Consumidor terciario,Hormiga cortadora,Herbivoría,1,28,9
3779,Mono araña,Productor,Anaconda,Herbivoría,1,44,1
3780,Hormiga cortadora,Consumidor terciario,Hormiga cortadora,Mutualismo,9,36,3
3781,Anaconda,Consumidor secundario,Hormiga cortadora,Herbivoría,3,4,9
3782,Venado,Productor,Jaguar,Mutualismo,10,41,10
3783,Hormiga cortadora,Productor,Venado,Competencia,7,25,10
3784,Hormiga cortadora,Productor,Boa constrictor,Herbivoría,4,3,8
3785,Águila harpía,Consumidor secundario,Jaguar,Competencia,6,13,10
3786,Boa constrictor,Descomponedor,Tucán,Depredación,2,1,5
3787,Hormiga cortadora,Descomponedor,Anaconda,Mutualismo,3,28,5
3788,Tucán,Consumidor terciario,Boa constrictor,Mutualismo,1,3,5
3789,Jaguar,Productor,Termitas,Herbivoría,10,12,6
3790,Águila harpía,Consumidor primario,Tucán,Descomposición,3,33,1
3791,Jaguar,Productor,Anaconda,Competencia,1,23,3
3792,Venado,Consumidor terciario,Jaguar,Competencia,5,40,1
3793,Mono araña,Consumidor terciario,Jaguar,Descomposición,4,22,9
3794,Tucán,Consumidor terciario,Tucán,Depredación,5,3,5
3795,Mono araña,Consumidor primario,Rana venenosa,Mutualismo,3,19,5
3796,Anaconda,Consumidor primario,Venado,Mutualismo,10,43,8
3797,Rana venenosa,Consumidor secundario,Termitas,Mutualismo,5,16,2
3798,Termitas,Consumidor terciario,Tucán,Herbivoría,8,44,7
3799,Tucán,Consumidor secundario,Anaconda,Depredación,8,33,7
3800,Rana venenosa,Productor,Boa constrictor,Mutualismo,1,22,3
3801,Anaconda,Descomponedor,Jaguar,Mutualismo,1,48,1
3802,Jaguar,Consumidor terciario,Tucán,Descomposición,4,49,7
3803,Águila harpía,Consumidor primario,Rana venenosa,Herbivoría,5,4,8
3804,Termitas,Consumidor primario,Jaguar,Herbivoría,1,31,5
3805,Termitas,Consumidor terciario,Boa constrictor,Mutualismo,6,13,6
3806,Termitas,Consumidor primario,Tucán,Herbivoría,1,20,7
3807,Águila harpía,Consumidor terciario,Rana venenosa,Herbivoría,5,35,6
3808,Boa constrictor,Consumidor secundario,Hormiga cortadora,Descomposición,1,25,5
3809,Rana venenosa,Consumidor primario,Águila harpía,Mutualismo,1,44,3
3810,Boa constrictor,Consumidor secundario,Tucán,Competencia,6,25,2
3811,Venado,Descomponedor,Hormiga cortadora,Herbivoría,3,44,1
3812,Mono araña,Descomponedor,Hormiga cortadora,Depredación,1,4,2
3813,Águila harpía,Productor,Águila harpía,Depredación,9,10,8
3814,Jaguar,Consumidor primario,Rana venenosa,Herbivoría,9,32,6
3815,Termitas,Descomponedor,Boa constrictor,Herbivoría,4,32,2
3816,Venado,Descomponedor,Águila harpía,Descomposición,5,28,10
3817,Hormiga cortadora,Productor,Águila harpía,Depredación,8,40,1
3818,Rana venenosa,Descomponedor,Rana venenosa,Mutualismo,1,16,5
3819,Termitas,Productor,Venado,Mutualismo,1,5,7
3820,Jaguar,Descomponedor,Rana venenosa,Depredación,1,20,5
3821,Venado,Descomponedor,Termitas,Descomposición,2,48,2
3822,Águila harpía,Consumidor secundario,Águila harpía,Mutualismo,4,31,10
3823,Boa constrictor,Descomponedor,Mono araña,Depredación,7,45,9
3824,Águila harpía,Productor,Venado,Depredación,8,50,3
3825,Termitas,Descomponedor,Águila harpía,Descomposición,7,23,6
3826,Venado,Productor,Venado,Descomposición,4,16,9
3827,Rana venenosa,Consumidor secundario,Rana venenosa,Competencia,10,31,7
3828,Anaconda,Productor,Rana venenosa,Competencia,9,32,2
3829,Anaconda,Consumidor secundario,Rana venenosa,Mutualismo,4,36,7
3830,Tucán,Consumidor primario,Hormiga cortadora,Descomposición,1,20,4
3831,Hormiga cortadora,Descomponedor,Venado,Herbivoría,10,5,9
3832,Mono araña,Consumidor primario,Rana venenosa,Herbivoría,2,42,1
3833,Boa constrictor,Consumidor primario,Termitas,Mutualismo,9,19,1
3834,Termitas,Consumidor terciario,Anaconda,Depredación,10,12,4
3835,Tucán,Consumidor primario,Venado,Mutualismo,10,17,9
3836,Hormiga cortadora,Consumidor terciario,Jaguar,Herbivoría,3,12,1
3837,Rana venenosa,Descomponedor,Anaconda,Depredación,10,41,10
3838,Mono araña,Consumidor primario,Rana venenosa,Depredación,1,6,7
3839,Jaguar,Productor,Anaconda,Mutualismo,7,28,10
3840,Jaguar,Consumidor terciario,Hormiga cortadora,Mutualismo,10,6,5
3841,Boa constrictor,Consumidor secundario,Rana venenosa,Competencia,10,12,4
3842,Jaguar,Productor,Anaconda,Descomposición,9,8,2
3843,Hormiga cortadora,Consumidor terciario,Boa constrictor,Competencia,5,23,9
3844,Mono araña,Descomponedor,Jaguar,Herbivoría,8,49,4
3845,Anaconda,Productor,Venado,Mutualismo,8,13,10
3846,Mono araña,Consumidor primario,Termitas,Depredación,1,43,6
3847,Jaguar,Productor,Anaconda,Mutualismo,10,17,7
3848,Hormiga cortadora,Productor,Mono araña,Mutualismo,9,6,4
3849,Tucán,Consumidor secundario,Termitas,Depredación,10,22,3
3850,Termitas,Consumidor primario,Águila harpía,Herbivoría,10,9,6
3851,Termitas,Productor,Anaconda,Descomposición,2,10,10
3852,Mono araña,Descomponedor,Águila harpía,Depredación,9,43,4
3853,Termitas,Consumidor secundario,Águila harpía,Mutualismo,6,41,3
3854,Rana venenosa,Consumidor secundario,Rana venenosa,Descomposición,7,9,10
3855,Boa constrictor,Productor,Termitas,Mutualismo,3,45,10
3856,Boa constrictor,Consumidor primario,Venado,Herbivoría,9,4,3
3857,Jaguar,Descomponedor,Rana venenosa,Mutualismo,10,12,5
3858,Termitas,Consumidor secundario,Jaguar,Depredación,7,13,7
3859,Anaconda,Descomponedor,Anaconda,Depredación,3,15,6
3860,Hormiga cortadora,Consumidor terciario,Venado,Mutualismo,5,20,2
3861,Jaguar,Consumidor primario,Rana venenosa,Competencia,4,50,9
3862,Venado,Consumidor primario,Termitas,Mutualismo,8,19,8
3863,Tucán,Descomponedor,Águila harpía,Herbivoría,7,4,6
3864,Venado,Consumidor secundario,Mono araña,Depredación,6,26,10
3865,Anaconda,Consumidor terciario,Mono araña,Mutualismo,4,12,9
3866,Jaguar,Descomponedor,Termitas,Competencia,9,27,9
3867,Jaguar,Descomponedor,Tucán,Mutualismo,6,21,3
3868,Tucán,Consumidor terciario,Jaguar,Herbivoría,3,41,8
3869,Termitas,Descomponedor,Mono araña,Herbivoría,8,48,6
3870,Tucán,Consumidor secundario,Águila harpía,Descomposición,7,44,9
3871,Boa constrictor,Descomponedor,Termitas,Herbivoría,9,13,2
3872,Termitas,Productor,Jaguar,Competencia,1,24,10
3873,Hormiga cortadora,Productor,Anaconda,Competencia,10,21,3
3874,Rana venenosa,Consumidor primario,Jaguar,Depredación,8,14,5
3875,Rana venenosa,Productor,Boa constrictor,Herbivoría,7,12,5
3876,Hormiga cortadora,Consumidor primario,Termitas,Descomposición,2,8,3
3877,Rana venenosa,Consumidor terciario,Jaguar,Depredación,6,34,5
3878,Mono araña,Consumidor secundario,Tucán,Herbivoría,2,3,2
3879,Jaguar,Productor,Rana venenosa,Depredación,1,19,10
3880,Boa constrictor,Descomponedor,Anaconda,Herbivoría,3,24,4
3881,Venado,Consumidor secundario,Boa constrictor,Descomposición,5,49,9
3882,Tucán,Consumidor secundario,Termitas,Competencia,1,25,10
3883,Jaguar,Consumidor terciario,Anaconda,Competencia,9,25,8
3884,Rana venenosa,Productor,Águila harpía,Herbivoría,3,26,3
3885,Boa constrictor,Consumidor secundario,Hormiga cortadora,Depredación,8,43,10
3886,Tucán,Consumidor secundario,Tucán,Depredación,10,28,4
3887,Tucán,Consumidor terciario,Boa constrictor,Depredación,6,37,10
3888,Termitas,Consumidor terciario,Hormiga cortadora,Competencia,7,1,9
3889,Mono araña,Descomponedor,Rana venenosa,Herbivoría,1,48,1
3890,Jaguar,Consumidor primario,Termitas,Mutualismo,1,50,1
3891,Hormiga cortadora,Descomponedor,Hormiga cortadora,Herbivoría,6,19,1
3892,Jaguar,Productor,Águila harpía,Depredación,10,12,5
3893,Jaguar,Consumidor terciario,Jaguar,Herbivoría,10,28,5
3894,Hormiga cortadora,Productor,Termitas,Depredación,3,1,3
3895,Venado,Descomponedor,Rana venenosa,Competencia,5,19,8
3896,Jaguar,Consumidor primario,Mono araña,Competencia,2,48,7
3897,Hormiga cortadora,Consumidor terciario,Termitas,Herbivoría,6,42,1
3898,Jaguar,Productor,Jaguar,Descomposición,9,46,4
3899,Águila harpía,Consumidor secundario,Tucán,Herbivoría,5,28,8
3900,Hormiga cortadora,Productor,Boa constrictor,Competencia,8,17,10
3901,Jaguar,Consumidor terciario,Venado,Depredación,8,37,8
3902,Águila harpía,Consumidor secundario,Rana venenosa,Descomposición,9,10,6
3903,Hormiga cortadora,Descomponedor,Venado,Competencia,3,41,3
3904,Mono araña,Consumidor terciario,Jaguar,Mutualismo,10,5,8
3905,Rana venenosa,Consumidor terciario,Boa constrictor,Mutualismo,3,45,6
3906,Águila harpía,Consumidor secundario,Tucán,Mutualismo,10,26,10
3907,Mono araña,Descomponedor,Águila harpía,Descomposición,7,45,7
3908,Boa constrictor,Productor,Mono araña,Herbivoría,7,27,10
3909,Boa constrictor,Productor,Termitas,Competencia,9,4,9
3910,Hormiga cortadora,Consumidor secundario,Anaconda,Herbivoría,1,41,9
3911,Mono araña,Consumidor terciario,Anaconda,Descomposición,7,9,6
3912,Mono araña,Descomponedor,Venado,Mutualismo,9,13,3
3913,Venado,Descomponedor,Termitas,Herbivoría,4,10,8
3914,Termitas,Consumidor secundario,Águila harpía,Competencia,2,19,6
3915,Venado,Productor,Tucán,Mutualismo,6,43,5
3916,Mono araña,Productor,Anaconda,Herbivoría,10,44,5
3917,Termitas,Productor,Venado,Descomposición,4,36,1
3918,Boa constrictor,Productor,Tucán,Depredación,10,27,1
3919,Hormiga cortadora,Consumidor secundario,Águila harpía,Descomposición,7,27,6
3920,Termitas,Consumidor primario,Venado,Competencia,8,43,9
3921,Jaguar,Productor,Tucán,Herbivoría,8,1,8
3922,Boa constrictor,Consumidor primario,Águila harpía,Competencia,3,13,5
3923,Termitas,Descomponedor,Venado,Herbivoría,9,50,2
3924,Tucán,Consumidor primario,Tucán,Herbivoría,5,19,9
3925,Águila harpía,Descomponedor,Venado,Herbivoría,8,3,8
3926,Jaguar,Descomponedor,Jaguar,Mutualismo,3,47,8
3927,Hormiga cortadora,Descomponedor,Tucán,Depredación,6,29,6
3928,Hormiga cortadora,Descomponedor,Águila harpía,Depredación,3,50,5
3929,Hormiga cortadora,Descomponedor,Anaconda,Descomposición,9,5,4
3930,Venado,Consumidor terciario,Águila harpía,Competencia,6,30,10
3931,Rana venenosa,Descomponedor,Mono araña,Herbivoría,8,32,5
3932,Rana venenosa,Productor,Rana venenosa,Descomposición,8,44,10
3933,Anaconda,Descomponedor,Venado,Mutualismo,9,18,9
3934,Venado,Descomponedor,Mono araña,Herbivoría,3,39,9
3935,Águila harpía,Consumidor secundario,Venado,Descomposición,2,5,1
3936,Hormiga cortadora,Consumidor primario,Anaconda,Descomposición,5,25,3
3937,Boa constrictor,Consumidor secundario,Venado,Depredación,2,4,9
3938,Boa constrictor,Consumidor primario,Venado,Herbivoría,3,36,10
3939,Boa constrictor,Consumidor primario,Venado,Descomposición,9,13,1
3940,Águila harpía,Productor,Anaconda,Competencia,4,37,9
3941,Boa constrictor,Consumidor secundario,Jaguar,Descomposición,2,12,6
3942,Anaconda,Consumidor primario,Termitas,Competencia,5,41,10
3943,Tucán,Consumidor primario,Venado,Descomposición,8,24,10
3944,Termitas,Consumidor secundario,Anaconda,Competencia,2,33,4
3945,Boa constrictor,Descomponedor,Venado,Descomposición,2,9,5
3946,Tucán,Consumidor terciario,Termitas,Mutualismo,9,39,4
3947,Águila harpía,Descomponedor,Termitas,Herbivoría,8,27,9
3948,Termitas,Consumidor secundario,Hormiga cortadora,Herbivoría,2,4,6
3949,Águila harpía,Descomponedor,Tucán,Depredación,1,4,6
3950,Jaguar,Descomponedor,Águila harpía,Mutualismo,8,14,7
3951,Venado,Consumidor terciario,Anaconda,Herbivoría,8,31,9
3952,Águila harpía,Descomponedor,Jaguar,Competencia,1,31,3
3953,Hormiga cortadora,Consumidor secundario,Venado,Descomposición,4,13,5
3954,Rana venenosa,Productor,Tucán,Competencia,3,4,3
3955,Venado,Consumidor primario,Jaguar,Competencia,8,39,8
3956,Tucán,Productor,Anaconda,Mutualismo,5,45,8
3957,Tucán,Consumidor secundario,Venado,Herbivoría,1,4,4
3958,Rana venenosa,Descomponedor,Mono araña,Descomposición,2,45,9
3959,Águila harpía,Descomponedor,Anaconda,Herbivoría,3,12,1
3960,Rana venenosa,Consumidor terciario,Termitas,Competencia,5,33,6
3961,Águila harpía,Consumidor secundario,Tucán,Herbivoría,10,30,8
3962,Termitas,Consumidor secundario,Rana venenosa,Competencia,10,46,5
3963,Termitas,Consumidor terciario,Tucán,Descomposición,9,2,1
3964,Águila harpía,Consumidor secundario,Anaconda,Depredación,6,11,9
3965,Mono araña,Consumidor terciario,Venado,Competencia,1,2,9
3966,Termitas,Descomponedor,Hormiga cortadora,Competencia,6,40,3
3967,Tucán,Consumidor terciario,Venado,Depredación,5,39,2
3968,Termitas,Consumidor terciario,Mono araña,Competencia,8,20,6
3969,Mono araña,Consumidor secundario,Jaguar,Descomposición,5,50,7
3970,Águila harpía,Consumidor secundario,Boa constrictor,Competencia,4,39,10
3971,Anaconda,Consumidor primario,Mono araña,Descomposición,8,9,2
3972,Jaguar,Consumidor primario,Jaguar,Depredación,6,46,6
3973,Águila harpía,Consumidor primario,Mono araña,Mutualismo,2,38,4
3974,Mono araña,Consumidor primario,Jaguar,Competencia,9,10,4
3975,Venado,Productor,Anaconda,Descomposición,3,8,3
3976,Rana venenosa,Descomponedor,Anaconda,Depredación,10,46,6
3977,Tucán,Consumidor terciario,Tucán,Descomposición,6,42,8
3978,Mono araña,Descomponedor,Termitas,Competencia,1,30,6
3979,Jaguar,Consumidor secundario,Termitas,Descomposición,1,24,8
3980,Rana venenosa,Productor,Mono araña,Depredación,7,36,9
3981,Anaconda,Descomponedor,Tucán,Depredación,6,27,6
3982,Águila harpía,Consumidor terciario,Boa constrictor,Depredación,2,16,9
3983,Águila harpía,Productor,Mono araña,Descomposición,5,13,6
3984,Anaconda,Consumidor terciario,Boa constrictor,Descomposición,7,18,1
3985,Tucán,Consumidor terciario,Águila harpía,Competencia,4,24,7
3986,Mono araña,Descomponedor,Mono araña,Mutualismo,6,33,9
3987,Venado,Consumidor secundario,Hormiga cortadora,Competencia,10,48,1
3988,Hormiga cortadora,Descomponedor,Boa constrictor,Descomposición,5,1,4
3989,Venado,Descomponedor,Hormiga cortadora,Competencia,2,36,7
3990,Termitas,Productor,Rana venenosa,Herbivoría,10,24,1
3991,Hormiga cortadora,Consumidor primario,Termitas,Competencia,2,39,5
3992,Jaguar,Productor,Venado,Depredación,8,41,9
3993,Jaguar,Consumidor primario,Termitas,Competencia,9,24,2
3994,Tucán,Consumidor terciario,Águila harpía,Depredación,8,2,2
3995,Mono araña,Productor,Boa constrictor,Mutualismo,10,15,7
3996,Anaconda,Consumidor secundario,Rana venenosa,Mutualismo,8,36,8
3997,Tucán,Consumidor secundario,Águila harpía,Mutualismo,6,27,3
3998,Venado,Descomponedor,Venado,Mutualismo,2,29,7
3999,Anaconda,Consumidor secundario,Jaguar,Mutualismo,9,3,7
4000,Boa constrictor,Productor,Jaguar,Depredación,10,48,7
4001,Tucán,Productor,Termitas,Competencia,2,35,2
4002,Anaconda,Descomponedor,Hormiga cortadora,Mutualismo,10,40,9
4003,Venado,Consumidor terciario,Hormiga cortadora,Herbivoría,8,4,6
4004,Hormiga cortadora,Consumidor terciario,Anaconda,Depredación,2,43,10
4005,Anaconda,Descomponedor,Termitas,Depredación,4,48,1
4006,Venado,Consumidor terciario,Anaconda,Competencia,1,37,4
4007,Hormiga cortadora,Descomponedor,Jaguar,Descomposición,9,35,10
4008,Tucán,Descomponedor,Anaconda,Herbivoría,9,5,10
4009,Jaguar,Descomponedor,Termitas,Descomposición,3,43,9
4010,Hormiga cortadora,Consumidor terciario,Mono araña,Depredación,5,43,9
4011,Anaconda,Consumidor secundario,Hormiga cortadora,Depredación,4,15,9
4012,Mono araña,Productor,Venado,Descomposición,3,34,3
4013,Águila harpía,Productor,Águila harpía,Competencia,2,18,4
4014,Hormiga cortadora,Consumidor primario,Hormiga cortadora,Mutualismo,10,15,7
4015,Tucán,Consumidor primario,Anaconda,Herbivoría,8,22,10
4016,Venado,Consumidor primario,Tucán,Depredación,1,41,1
4017,Venado,Productor,Anaconda,Herbivoría,5,27,3
4018,Venado,Productor,Tucán,Descomposición,4,39,4
4019,Venado,Productor,Jaguar,Descomposición,1,48,8
4020,Hormiga cortadora,Consumidor terciario,Termitas,Descomposición,1,44,6
4021,Mono araña,Consumidor terciario,Hormiga cortadora,Depredación,9,20,2
4022,Águila harpía,Consumidor terciario,Boa constrictor,Mutualismo,9,3,8
4023,Tucán,Consumidor primario,Termitas,Mutualismo,1,17,7
4024,Boa constrictor,Productor,Tucán,Competencia,4,1,4
4025,Jaguar,Consumidor primario,Boa constrictor,Depredación,4,11,9
4026,Anaconda,Consumidor terciario,Anaconda,Herbivoría,1,20,8
4027,Tucán,Descomponedor,Jaguar,Depredación,5,36,4
4028,Anaconda,Descomponedor,Termitas,Mutualismo,1,29,10
4029,Hormiga cortadora,Consumidor primario,Venado,Competencia,5,1,9
4030,Tucán,Consumidor primario,Mono araña,Herbivoría,5,34,5
4031,Águila harpía,Consumidor secundario,Anaconda,Depredación,8,50,6
4032,Mono araña,Productor,Mono araña,Depredación,3,6,2
4033,Águila harpía,Consumidor terciario,Águila harpía,Competencia,6,46,7
4034,Rana venenosa,Productor,Mono araña,Depredación,4,37,6
4035,Jaguar,Productor,Jaguar,Competencia,4,18,6
4036,Jaguar,Consumidor secundario,Jaguar,Mutualismo,8,6,3
4037,Mono araña,Productor,Hormiga cortadora,Competencia,3,44,10
4038,Termitas,Descomponedor,Rana venenosa,Depredación,8,21,1
4039,Águila harpía,Consumidor terciario,Tucán,Depredación,4,11,1
4040,Venado,Descomponedor,Jaguar,Competencia,9,32,9
4041,Mono araña,Productor,Tucán,Competencia,3,32,3
4042,Venado,Consumidor secundario,Jaguar,Depredación,9,22,9
4043,Tucán,Descomponedor,Hormiga cortadora,Competencia,8,38,5
4044,Tucán,Productor,Venado,Descomposición,2,13,6
4045,Boa constrictor,Consumidor terciario,Boa constrictor,Descomposición,1,47,5
4046,Tucán,Consumidor secundario,Tucán,Competencia,4,15,10
4047,Anaconda,Productor,Jaguar,Mutualismo,5,41,6
4048,Termitas,Consumidor secundario,Hormiga cortadora,Depredación,5,34,1
4049,Jaguar,Consumidor terciario,Jaguar,Herbivoría,4,7,5
4050,Jaguar,Consumidor terciario,Mono araña,Herbivoría,4,12,10
4051,Mono araña,Descomponedor,Tucán,Descomposición,1,30,1
4052,Tucán,Productor,Hormiga cortadora,Herbivoría,9,32,6
4053,Termitas,Consumidor terciario,Anaconda,Depredación,7,16,3
4054,Boa constrictor,Consumidor primario,Rana venenosa,Competencia,5,13,7
4055,Tucán,Consumidor primario,Rana venenosa,Depredación,5,42,4
4056,Rana venenosa,Descomponedor,Tucán,Competencia,10,12,7
4057,Boa constrictor,Consumidor primario,Tucán,Depredación,10,20,3
4058,Boa constrictor,Consumidor secundario,Jaguar,Mutualismo,5,13,9
4059,Anaconda,Descomponedor,Anaconda,Competencia,1,24,6
4060,Boa constrictor,Consumidor secundario,Tucán,Descomposición,7,20,5
4061,Mono araña,Consumidor secundario,Tucán,Descomposición,9,4,8
4062,Tucán,Consumidor terciario,Tucán,Depredación,1,46,7
4063,Jaguar,Consumidor terciario,Mono araña,Descomposición,4,49,3
4064,Termitas,Descomponedor,Venado,Mutualismo,7,31,3
4065,Tucán,Productor,Jaguar,Depredación,6,2,10
4066,Anaconda,Descomponedor,Boa constrictor,Competencia,6,12,4
4067,Tucán,Consumidor secundario,Termitas,Descomposición,3,28,2
4068,Tucán,Descomponedor,Hormiga cortadora,Depredación,2,33,9
4069,Rana venenosa,Consumidor primario,Rana venenosa,Depredación,5,8,2
4070,Rana venenosa,Descomponedor,Mono araña,Herbivoría,6,28,3
4071,Boa constrictor,Consumidor secundario,Boa constrictor,Herbivoría,3,29,1
4072,Mono araña,Descomponedor,Boa constrictor,Competencia,10,39,7
4073,Anaconda,Descomponedor,Anaconda,Mutualismo,7,3,5
4074,Termitas,Consumidor primario,Tucán,Competencia,5,27,9
4075,Termitas,Productor,Hormiga cortadora,Mutualismo,7,33,1
4076,Anaconda,Consumidor primario,Anaconda,Herbivoría,10,3,1
4077,Mono araña,Descomponedor,Rana venenosa,Herbivoría,10,9,3
4078,Boa constrictor,Descomponedor,Tucán,Competencia,8,10,10
4079,Boa constrictor,Consumidor secundario,Mono araña,Descomposición,1,41,6
4080,Jaguar,Consumidor terciario,Jaguar,Herbivoría,6,45,8
4081,Anaconda,Consumidor primario,Boa constrictor,Depredación,4,34,9
4082,Venado,Productor,Venado,Competencia,2,39,4
4083,Jaguar,Consumidor terciario,Boa constrictor,Competencia,10,22,3
4084,Jaguar,Descomponedor,Hormiga cortadora,Herbivoría,8,25,9
4085,Mono araña,Consumidor terciario,Hormiga cortadora,Depredación,10,29,9
4086,Rana venenosa,Consumidor primario,Tucán,Descomposición,9,34,1
4087,Venado,Productor,Tucán,Competencia,10,17,1
4088,Termitas,Descomponedor,Hormiga cortadora,Mutualismo,1,35,7
4089,Águila harpía,Descomponedor,Anaconda,Herbivoría,6,20,2
4090,Venado,Descomponedor,Mono araña,Depredación,4,47,2
4091,Hormiga cortadora,Descomponedor,Tucán,Depredación,5,9,4
4092,Tucán,Productor,Águila harpía,Mutualismo,3,24,3
4093,Boa constrictor,Consumidor terciario,Boa constrictor,Mutualismo,4,17,1
4094,Rana venenosa,Productor,Tucán,Mutualismo,1,4,6
4095,Mono araña,Descomponedor,Rana venenosa,Competencia,3,11,1
4096,Boa constrictor,Consumidor terciario,Jaguar,Mutualismo,6,6,10
4097,Hormiga cortadora,Descomponedor,Águila harpía,Mutualismo,7,4,2
4098,Anaconda,Consumidor terciario,Jaguar,Descomposición,6,33,5
4099,Águila harpía,Consumidor primario,Venado,Descomposición,3,15,9
4100,Venado,Consumidor terciario,Boa constrictor,Mutualismo,9,37,9
4101,Águila harpía,Consumidor secundario,Venado,Depredación,5,1,1
4102,Venado,Descomponedor,Hormiga cortadora,Descomposición,10,43,1
4103,Hormiga cortadora,Consumidor primario,Venado,Competencia,4,3,1
4104,Venado,Consumidor terciario,Venado,Mutualismo,2,2,10
4105,Tucán,Consumidor secundario,Rana venenosa,Depredación,4,9,8
4106,Águila harpía,Consumidor primario,Termitas,Depredación,9,19,8
4107,Anaconda,Consumidor secundario,Rana venenosa,Herbivoría,8,6,9
4108,Rana venenosa,Consumidor primario,Boa constrictor,Mutualismo,10,11,10
4109,Águila harpía,Consumidor primario,Jaguar,Mutualismo,5,12,6
4110,Águila harpía,Productor,Mono araña,Competencia,5,20,2
4111,Boa constrictor,Productor,Hormiga cortadora,Descomposición,8,23,8
4112,Águila harpía,Consumidor secundario,Jaguar,Competencia,5,26,4
4113,Jaguar,Consumidor primario,Tucán,Herbivoría,7,7,10
4114,Tucán,Consumidor secundario,Boa constrictor,Herbivoría,10,4,9
4115,Mono araña,Consumidor terciario,Anaconda,Depredación,1,36,5
4116,Águila harpía,Consumidor primario,Jaguar,Mutualismo,8,19,2
4117,Boa constrictor,Productor,Jaguar,Herbivoría,10,3,2
4118,Venado,Consumidor primario,Rana venenosa,Descomposición,1,17,3
4119,Águila harpía,Consumidor terciario,Mono araña,Herbivoría,5,48,8
4120,Rana venenosa,Consumidor terciario,Jaguar,Descomposición,2,6,9
4121,Mono araña,Consumidor secundario,Venado,Descomposición,5,37,1
4122,Jaguar,Consumidor terciario,Boa constrictor,Herbivoría,10,46,1
4123,Tucán,Consumidor secundario,Termitas,Herbivoría,4,3,2
4124,Mono araña,Consumidor primario,Jaguar,Depredación,10,21,4
4125,Rana venenosa,Consumidor primario,Anaconda,Mutualismo,10,14,6
4126,Tucán,Consumidor secundario,Venado,Descomposición,4,25,4
4127,Mono araña,Consumidor primario,Termitas,Mutualismo,3,22,2
4128,Jaguar,Consumidor secundario,Boa constrictor,Competencia,1,31,5
4129,Tucán,Consumidor terciario,Mono araña,Mutualismo,9,31,4
4130,Jaguar,Descomponedor,Hormiga cortadora,Herbivoría,4,12,5
4131,Venado,Descomponedor,Boa constrictor,Herbivoría,1,41,7
4132,Hormiga cortadora,Consumidor secundario,Jaguar,Descomposición,5,48,8
4133,Rana venenosa,Productor,Termitas,Competencia,8,49,6
4134,Tucán,Productor,Rana venenosa,Depredación,1,5,9
4135,Venado,Consumidor terciario,Boa constrictor,Herbivoría,10,31,10
4136,Jaguar,Productor,Anaconda,Descomposición,5,10,1
4137,Anaconda,Descomponedor,Rana venenosa,Herbivoría,9,20,4
4138,Termitas,Productor,Jaguar,Descomposición,10,7,6
4139,Termitas,Consumidor terciario,Hormiga cortadora,Mutualismo,4,42,10
4140,Jaguar,Productor,Águila harpía,Depredación,8,20,5
4141,Jaguar,Consumidor terciario,Hormiga cortadora,Depredación,9,32,7
4142,Rana venenosa,Consumidor primario,Jaguar,Mutualismo,5,16,6
4143,Boa constrictor,Productor,Hormiga cortadora,Herbivoría,3,37,1
4144,Venado,Descomponedor,Jaguar,Depredación,1,50,4
4145,Tucán,Descomponedor,Venado,Descomposición,9,5,3
4146,Mono araña,Descomponedor,Hormiga cortadora,Competencia,10,33,7
4147,Boa constrictor,Consumidor primario,Mono araña,Depredación,9,4,1
4148,Águila harpía,Consumidor terciario,Águila harpía,Competencia,2,20,7
4149,Hormiga cortadora,Consumidor primario,Tucán,Herbivoría,4,4,5
4150,Tucán,Productor,Mono araña,Descomposición,4,39,1
4151,Tucán,Consumidor secundario,Hormiga cortadora,Competencia,2,12,5
4152,Águila harpía,Consumidor secundario,Venado,Herbivoría,6,41,6
4153,Tucán,Consumidor terciario,Anaconda,Competencia,5,8,6
4154,Tucán,Descomponedor,Termitas,Competencia,10,49,8
4155,Boa constrictor,Descomponedor,Anaconda,Mutualismo,7,38,7
4156,Águila harpía,Descomponedor,Boa constrictor,Descomposición,8,5,8
4157,Jaguar,Descomponedor,Hormiga cortadora,Competencia,9,6,9
4158,Boa constrictor,Consumidor secundario,Hormiga cortadora,Descomposición,5,36,4
4159,Termitas,Productor,Hormiga cortadora,Mutualismo,3,9,8
4160,Venado,Descomponedor,Mono araña,Mutualismo,6,50,3
4161,Hormiga cortadora,Consumidor terciario,Hormiga cortadora,Herbivoría,3,27,1
4162,Mono araña,Descomponedor,Águila harpía,Descomposición,9,49,6
4163,Boa constrictor,Productor,Águila harpía,Competencia,3,23,8
4164,Termitas,Descomponedor,Águila harpía,Descomposición,8,16,3
4165,Hormiga cortadora,Descomponedor,Boa constrictor,Descomposición,4,30,10
4166,Águila harpía,Productor,Venado,Mutualismo,2,28,8
4167,Boa constrictor,Descomponedor,Hormiga cortadora,Competencia,2,31,4
4168,Águila harpía,Productor,Águila harpía,Competencia,1,35,10
4169,Rana venenosa,Productor,Águila harpía,Mutualismo,8,21,3
4170,Termitas,Consumidor primario,Mono araña,Competencia,5,20,4
4171,Mono araña,Descomponedor,Venado,Descomposición,2,39,6
4172,Águila harpía,Consumidor terciario,Tucán,Competencia,5,27,6
4173,Venado,Productor,Hormiga cortadora,Descomposición,3,24,4
4174,Jaguar,Consumidor terciario,Hormiga cortadora,Competencia,5,37,8
4175,Anaconda,Consumidor terciario,Hormiga cortadora,Competencia,2,8,10
4176,Hormiga cortadora,Descomponedor,Boa constrictor,Mutualismo,3,26,7
4177,Termitas,Productor,Jaguar,Competencia,2,41,4
4178,Hormiga cortadora,Descomponedor,Rana venenosa,Competencia,4,34,6
4179,Hormiga cortadora,Consumidor terciario,Anaconda,Mutualismo,7,25,4
4180,Termitas,Consumidor primario,Anaconda,Competencia,7,49,10
4181,Boa constrictor,Consumidor secundario,Anaconda,Herbivoría,10,30,3
4182,Tucán,Productor,Mono araña,Descomposición,8,5,10
4183,Venado,Consumidor secundario,Anaconda,Mutualismo,10,27,4
4184,Termitas,Productor,Mono araña,Competencia,4,14,6
4185,Jaguar,Consumidor terciario,Tucán,Mutualismo,4,20,7
4186,Jaguar,Descomponedor,Rana venenosa,Descomposición,4,39,8
4187,Rana venenosa,Consumidor terciario,Boa constrictor,Descomposición,8,10,8
4188,Hormiga cortadora,Consumidor secundario,Anaconda,Herbivoría,7,9,5
4189,Anaconda,Productor,Hormiga cortadora,Herbivoría,9,24,6
4190,Boa constrictor,Consumidor primario,Termitas,Herbivoría,2,7,8
4191,Águila harpía,Consumidor terciario,Hormiga cortadora,Herbivoría,6,45,3
4192,Hormiga cortadora,Descomponedor,Hormiga cortadora,Herbivoría,5,17,1
4193,Rana venenosa,Descomponedor,Mono araña,Competencia,9,38,9
4194,Rana venenosa,Descomponedor,Boa constrictor,Herbivoría,6,36,9
4195,Águila harpía,Consumidor secundario,Boa constrictor,Herbivoría,10,50,3
4196,Rana venenosa,Consumidor terciario,Águila harpía,Depredación,6,6,9
4197,Mono araña,Productor,Jaguar,Competencia,2,39,2
4198,Rana venenosa,Descomponedor,Venado,Herbivoría,3,23,1
4199,Anaconda,Productor,Jaguar,Depredación,3,8,6
4200,Termitas,Consumidor secundario,Boa constrictor,Herbivoría,9,12,5
4201,Águila harpía,Descomponedor,Hormiga cortadora,Mutualismo,7,20,1
4202,Rana venenosa,Consumidor primario,Anaconda,Mutualismo,6,10,3
4203,Venado,Productor,Venado,Depredación,9,8,7
4204,Águila harpía,Consumidor terciario,Águila harpía,Mutualismo,8,27,2
4205,Termitas,Consumidor secundario,Mono araña,Herbivoría,4,29,4
4206,Águila harpía,Productor,Mono araña,Depredación,2,28,7
4207,Hormiga cortadora,Descomponedor,Termitas,Herbivoría,1,40,7
4208,Águila harpía,Consumidor primario,Jaguar,Depredación,4,47,3
4209,Anaconda,Descomponedor,Termitas,Mutualismo,9,43,3
4210,Boa constrictor,Descomponedor,Tucán,Mutualismo,9,5,9
4211,Anaconda,Productor,Hormiga cortadora,Descomposición,8,33,10
4212,Hormiga cortadora,Productor,Venado,Herbivoría,8,18,4
4213,Jaguar,Descomponedor,Termitas,Mutualismo,7,45,8
4214,Termitas,Consumidor primario,Jaguar,Descomposición,10,25,7
4215,Águila harpía,Consumidor primario,Rana venenosa,Competencia,7,7,5
4216,Anaconda,Productor,Tucán,Herbivoría,3,22,6
4217,Tucán,Descomponedor,Águila harpía,Herbivoría,8,44,1
4218,Hormiga cortadora,Consumidor primario,Boa constrictor,Competencia,9,31,5
4219,Termitas,Consumidor secundario,Tucán,Competencia,3,25,1
4220,Hormiga cortadora,Descomponedor,Rana venenosa,Competencia,9,34,10
4221,Termitas,Consumidor primario,Mono araña,Competencia,5,50,6
4222,Boa constrictor,Productor,Rana venenosa,Descomposición,2,18,7
4223,Jaguar,Consumidor terciario,Águila harpía,Mutualismo,6,1,3
4224,Mono araña,Descomponedor,Mono araña,Competencia,7,23,8
4225,Jaguar,Descomponedor,Venado,Herbivoría,6,12,3
4226,Tucán,Productor,Águila harpía,Competencia,3,49,2
4227,Tucán,Consumidor secundario,Hormiga cortadora,Competencia,8,48,3
4228,Termitas,Descomponedor,Venado,Depredación,9,14,6
4229,Hormiga cortadora,Consumidor primario,Tucán,Depredación,9,24,7
4230,Rana venenosa,Consumidor primario,Mono araña,Herbivoría,3,7,2
4231,Boa constrictor,Consumidor secundario,Hormiga cortadora,Depredación,4,47,2
4232,Boa constrictor,Descomponedor,Tucán,Herbivoría,4,27,2
4233,Termitas,Productor,Hormiga cortadora,Competencia,4,26,5
4234,Águila harpía,Productor,Tucán,Competencia,10,34,8
4235,Hormiga cortadora,Consumidor secundario,Rana venenosa,Competencia,5,21,6
4236,Jaguar,Consumidor terciario,Jaguar,Competencia,1,49,9
4237,Hormiga cortadora,Consumidor terciario,Anaconda,Herbivoría,1,16,5
4238,Venado,Productor,Mono araña,Herbivoría,10,36,3
4239,Jaguar,Consumidor terciario,Jaguar,Descomposición,3,31,2
4240,Jaguar,Descomponedor,Anaconda,Mutualismo,1,41,5
4241,Águila harpía,Descomponedor,Anaconda,Descomposición,1,41,1
4242,Rana venenosa,Productor,Hormiga cortadora,Depredación,10,28,1
4243,Anaconda,Consumidor secundario,Termitas,Depredación,3,13,10
4244,Rana venenosa,Consumidor secundario,Anaconda,Descomposición,5,14,4
4245,Tucán,Consumidor secundario,Anaconda,Competencia,5,25,8
4246,Mono araña,Consumidor secundario,Hormiga cortadora,Depredación,8,41,4
4247,Águila harpía,Descomponedor,Boa constrictor,Competencia,10,45,3
4248,Venado,Consumidor primario,Tucán,Depredación,6,46,5
4249,Anaconda,Consumidor terciario,Águila harpía,Descomposición,1,15,10
4250,Tucán,Consumidor primario,Rana venenosa,Mutualismo,9,11,6
4251,Termitas,Consumidor secundario,Venado,Mutualismo,7,17,1
4252,Venado,Consumidor terciario,Anaconda,Herbivoría,3,13,4
4253,Boa constrictor,Consumidor secundario,Tucán,Herbivoría,3,22,9
4254,Venado,Descomponedor,Anaconda,Mutualismo,3,13,2
4255,Mono araña,Productor,Rana venenosa,Depredación,3,32,2
4256,Termitas,Consumidor secundario,Tucán,Competencia,5,15,1
4257,Mono araña,Descomponedor,Termitas,Herbivoría,5,16,7
4258,Anaconda,Descomponedor,Águila harpía,Depredación,7,21,1
4259,Hormiga cortadora,Descomponedor,Venado,Depredación,1,47,4
4260,Águila harpía,Consumidor secundario,Mono araña,Competencia,9,13,5
4261,Mono araña,Consumidor primario,Águila harpía,Herbivoría,5,34,5
4262,Jaguar,Descomponedor,Hormiga cortadora,Herbivoría,6,10,9
4263,Jaguar,Descomponedor,Hormiga cortadora,Descomposición,7,1,1
4264,Tucán,Consumidor secundario,Jaguar,Competencia,10,32,2
4265,Águila harpía,Consumidor primario,Termitas,Descomposición,7,23,5
4266,Venado,Consumidor terciario,Jaguar,Competencia,6,35,6
4267,Tucán,Consumidor secundario,Águila harpía,Competencia,5,49,6
4268,Tucán,Consumidor secundario,Venado,Herbivoría,6,1,5
4269,Termitas,Consumidor primario,Tucán,Herbivoría,8,9,2
4270,Rana venenosa,Productor,Rana venenosa,Descomposición,3,2,10
4271,Rana venenosa,Productor,Tucán,Mutualismo,10,24,10
4272,Termitas,Consumidor primario,Rana venenosa,Herbivoría,2,35,8
4273,Mono araña,Consumidor terciario,Anaconda,Herbivoría,2,31,4
4274,Mono araña,Consumidor primario,Venado,Herbivoría,8,17,2
4275,Rana venenosa,Descomponedor,Termitas,Competencia,8,17,5
4276,Hormiga cortadora,Descomponedor,Venado,Mutualismo,5,38,6
4277,Venado,Consumidor primario,Tucán,Descomposición,10,11,6
4278,Termitas,Consumidor primario,Jaguar,Mutualismo,6,43,6
4279,Jaguar,Descomponedor,Rana venenosa,Herbivoría,8,29,9
4280,Jaguar,Productor,Rana venenosa,Herbivoría,5,24,6
4281,Jaguar,Consumidor secundario,Águila harpía,Mutualismo,4,8,5
4282,Mono araña,Productor,Venado,Mutualismo,8,11,10
4283,Anaconda,Productor,Mono araña,Depredación,10,38,5
4284,Venado,Consumidor terciario,Anaconda,Descomposición,4,12,8
4285,Tucán,Consumidor terciario,Termitas,Descomposición,7,41,1
4286,Boa constrictor,Descomponedor,Águila harpía,Herbivoría,9,37,3
4287,Rana venenosa,Consumidor terciario,Jaguar,Competencia,8,15,3
4288,Jaguar,Consumidor secundario,Águila harpía,Mutualismo,6,34,9
4289,Rana venenosa,Consumidor terciario,Anaconda,Mutualismo,1,47,3
4290,Hormiga cortadora,Consumidor primario,Tucán,Depredación,8,15,7
4291,Anaconda,Consumidor primario,Anaconda,Depredación,8,26,7
4292,Jaguar,Consumidor terciario,Jaguar,Depredación,3,20,3
4293,Tucán,Consumidor primario,Tucán,Competencia,6,5,10
4294,Termitas,Consumidor secundario,Tucán,Competencia,10,43,5
4295,Rana venenosa,Descomponedor,Tucán,Descomposición,1,39,7
4296,Mono araña,Consumidor secundario,Mono araña,Herbivoría,4,3,1
4297,Jaguar,Consumidor terciario,Rana venenosa,Descomposición,2,27,4
4298,Termitas,Descomponedor,Jaguar,Mutualismo,8,6,7
4299,Venado,Consumidor terciario,Termitas,Herbivoría,2,30,2
4300,Termitas,Descomponedor,Jaguar,Herbivoría,5,30,5
4301,Jaguar,Consumidor secundario,Tucán,Herbivoría,2,36,6
4302,Venado,Consumidor terciario,Mono araña,Herbivoría,8,38,7
4303,Tucán,Consumidor terciario,Jaguar,Competencia,6,40,3
4304,Venado,Consumidor terciario,Águila harpía,Competencia,8,8,2
4305,Águila harpía,Descomponedor,Jaguar,Mutualismo,4,9,5
4306,Anaconda,Descomponedor,Jaguar,Mutualismo,3,30,7
4307,Boa constrictor,Consumidor primario,Águila harpía,Herbivoría,4,26,8
4308,Termitas,Consumidor secundario,Águila harpía,Mutualismo,3,37,6
4309,Boa constrictor,Consumidor primario,Tucán,Mutualismo,2,13,8
4310,Águila harpía,Descomponedor,Jaguar,Mutualismo,3,24,1
4311,Águila harpía,Consumidor secundario,Hormiga cortadora,Competencia,6,50,7
4312,Boa constrictor,Descomponedor,Venado,Depredación,9,3,8
4313,Mono araña,Consumidor primario,Mono araña,Competencia,1,46,7
4314,Venado,Consumidor terciario,Mono araña,Competencia,3,48,9
4315,Boa constrictor,Consumidor terciario,Hormiga cortadora,Depredación,2,21,5
4316,Hormiga cortadora,Consumidor secundario,Anaconda,Descomposición,8,49,5
4317,Boa constrictor,Consumidor terciario,Hormiga cortadora,Depredación,4,36,1
4318,Termitas,Consumidor terciario,Termitas,Depredación,7,18,3
4319,Águila harpía,Descomponedor,Hormiga cortadora,Descomposición,10,4,6
4320,Tucán,Descomponedor,Termitas,Competencia,7,49,3
4321,Anaconda,Consumidor terciario,Águila harpía,Competencia,9,27,10
4322,Mono araña,Consumidor primario,Hormiga cortadora,Competencia,8,46,2
4323,Venado,Consumidor primario,Termitas,Competencia,4,50,6
4324,Venado,Consumidor primario,Hormiga cortadora,Competencia,4,13,8
4325,Hormiga cortadora,Productor,Mono araña,Competencia,7,47,1
4326,Rana venenosa,Descomponedor,Hormiga cortadora,Descomposición,7,9,6
4327,Jaguar,Productor,Águila harpía,Descomposición,8,9,9
4328,Águila harpía,Descomponedor,Anaconda,Herbivoría,2,29,5
4329,Hormiga cortadora,Consumidor terciario,Hormiga cortadora,Competencia,10,47,9
4330,Rana venenosa,Consumidor terciario,Hormiga cortadora,Herbivoría,2,40,6
4331,Termitas,Consumidor terciario,Anaconda,Descomposición,6,1,5
4332,Águila harpía,Consumidor terciario,Anaconda,Competencia,8,35,8
4333,Rana venenosa,Descomponedor,Mono araña,Herbivoría,10,48,6
4334,Águila harpía,Descomponedor,Anaconda,Competencia,7,11,7
4335,Rana venenosa,Consumidor terciario,Hormiga cortadora,Herbivoría,1,9,10
4336,Anaconda,Consumidor secundario,Tucán,Mutualismo,9,39,9
4337,Mono araña,Descomponedor,Águila harpía,Descomposición,7,27,8
4338,Rana venenosa,Consumidor terciario,Tucán,Depredación,9,38,6
4339,Rana venenosa,Consumidor terciario,Venado,Mutualismo,3,36,1
4340,Anaconda,Descomponedor,Rana venenosa,Depredación,9,43,4
4341,Termitas,Productor,Jaguar,Herbivoría,10,8,5
4342,Hormiga cortadora,Descomponedor,Anaconda,Competencia,9,32,10
4343,Boa constrictor,Consumidor secundario,Tucán,Herbivoría,7,2,1
4344,Jaguar,Consumidor secundario,Águila harpía,Competencia,4,29,9
4345,Hormiga cortadora,Consumidor terciario,Termitas,Depredación,7,29,7
4346,Águila harpía,Consumidor terciario,Tucán,Descomposición,2,49,5
4347,Venado,Consumidor primario,Boa constrictor,Competencia,5,13,9
4348,Jaguar,Consumidor primario,Águila harpía,Depredación,8,4,4
4349,Mono araña,Descomponedor,Termitas,Descomposición,5,36,2
4350,Mono araña,Consumidor secundario,Rana venenosa,Herbivoría,9,6,7
4351,Rana venenosa,Descomponedor,Hormiga cortadora,Herbivoría,3,25,4
4352,Jaguar,Consumidor terciario,Águila harpía,Descomposición,1,44,5
4353,Tucán,Productor,Águila harpía,Depredación,3,24,5
4354,Mono araña,Consumidor primario,Rana venenosa,Mutualismo,10,40,6
4355,Anaconda,Consumidor secundario,Anaconda,Mutualismo,4,5,3
4356,Rana venenosa,Consumidor primario,Tucán,Descomposición,5,5,4
4357,Rana venenosa,Consumidor terciario,Venado,Mutualismo,3,38,6
4358,Termitas,Productor,Anaconda,Herbivoría,6,15,4
4359,Jaguar,Consumidor primario,Águila harpía,Depredación,3,28,5
4360,Boa constrictor,Consumidor terciario,Venado,Mutualismo,2,27,3
4361,Jaguar,Productor,Tucán,Descomposición,9,33,6
4362,Rana venenosa,Descomponedor,Rana venenosa,Herbivoría,5,47,3
4363,Anaconda,Consumidor secundario,Rana venenosa,Descomposición,2,43,1
4364,Tucán,Consumidor primario,Águila harpía,Competencia,8,7,6
4365,Anaconda,Productor,Tucán,Competencia,1,28,10
4366,Jaguar,Productor,Venado,Descomposición,6,21,2
4367,Venado,Consumidor primario,Águila harpía,Depredación,4,41,9
4368,Anaconda,Descomponedor,Venado,Herbivoría,3,15,2
4369,Hormiga cortadora,Consumidor primario,Mono araña,Depredación,3,12,4
4370,Águila harpía,Consumidor primario,Anaconda,Competencia,6,13,6
4371,Boa constrictor,Productor,Tucán,Competencia,3,30,6
4372,Rana venenosa,Descomponedor,Boa constrictor,Herbivoría,9,13,7
4373,Tucán,Descomponedor,Águila harpía,Herbivoría,7,22,1
4374,Rana venenosa,Descomponedor,Rana venenosa,Depredación,7,7,8
4375,Boa constrictor,Consumidor secundario,Hormiga cortadora,Competencia,10,1,4
4376,Águila harpía,Consumidor terciario,Águila harpía,Herbivoría,3,44,2
4377,Águila harpía,Consumidor secundario,Venado,Descomposición,1,44,2
4378,Anaconda,Consumidor primario,Águila harpía,Competencia,9,21,2
4379,Hormiga cortadora,Descomponedor,Termitas,Competencia,9,10,5
4380,Venado,Consumidor secundario,Anaconda,Mutualismo,2,32,5
4381,Jaguar,Descomponedor,Mono araña,Depredación,3,8,5
4382,Mono araña,Productor,Tucán,Depredación,5,13,3
4383,Boa constrictor,Consumidor primario,Hormiga cortadora,Depredación,5,44,8
4384,Boa constrictor,Productor,Mono araña,Competencia,4,7,3
4385,Mono araña,Consumidor secundario,Anaconda,Competencia,2,37,8
4386,Águila harpía,Consumidor terciario,Hormiga cortadora,Competencia,1,30,10
4387,Hormiga cortadora,Consumidor secundario,Venado,Mutualismo,4,17,1
4388,Jaguar,Productor,Rana venenosa,Mutualismo,10,12,6
4389,Boa constrictor,Descomponedor,Águila harpía,Depredación,3,23,1
4390,Jaguar,Consumidor primario,Águila harpía,Depredación,6,7,2
4391,Hormiga cortadora,Consumidor secundario,Jaguar,Descomposición,1,24,5
4392,Mono araña,Descomponedor,Mono araña,Descomposición,6,4,2
4393,Boa constrictor,Consumidor terciario,Águila harpía,Competencia,7,21,5
4394,Termitas,Descomponedor,Tucán,Depredación,10,17,6
4395,Anaconda,Productor,Hormiga cortadora,Mutualismo,9,5,6
4396,Anaconda,Consumidor terciario,Termitas,Descomposición,10,46,9
4397,Hormiga cortadora,Consumidor secundario,Boa constrictor,Competencia,2,40,6
4398,Águila harpía,Consumidor secundario,Mono araña,Herbivoría,9,43,8
4399,Boa constrictor,Consumidor primario,Boa constrictor,Competencia,1,20,10
4400,Venado,Descomponedor,Termitas,Descomposición,7,41,3
4401,Tucán,Productor,Rana venenosa,Depredación,7,14,4
4402,Tucán,Consumidor secundario,Mono araña,Descomposición,2,36,4
4403,Hormiga cortadora,Descomponedor,Rana venenosa,Descomposición,2,37,9
4404,Anaconda,Productor,Tucán,Mutualismo,7,43,7
4405,Rana venenosa,Consumidor secundario,Venado,Herbivoría,8,13,8
4406,Rana venenosa,Productor,Rana venenosa,Competencia,6,5,9
4407,Águila harpía,Consumidor secundario,Rana venenosa,Depredación,5,46,5
4408,Mono araña,Productor,Termitas,Herbivoría,5,1,2
4409,Mono araña,Productor,Tucán,Herbivoría,3,26,3
4410,Hormiga cortadora,Consumidor primario,Venado,Competencia,7,9,9
4411,Anaconda,Consumidor primario,Tucán,Competencia,6,23,7
4412,Anaconda,Consumidor terciario,Mono araña,Descomposición,8,39,4
4413,Águila harpía,Consumidor secundario,Jaguar,Herbivoría,10,41,6
4414,Boa constrictor,Productor,Termitas,Competencia,6,18,7
4415,Jaguar,Consumidor terciario,Mono araña,Mutualismo,9,15,6
4416,Venado,Descomponedor,Tucán,Mutualismo,5,14,6
4417,Hormiga cortadora,Consumidor secundario,Termitas,Descomposición,1,7,5
4418,Águila harpía,Consumidor terciario,Boa constrictor,Competencia,10,49,10
4419,Jaguar,Consumidor secundario,Águila harpía,Descomposición,7,13,3
4420,Jaguar,Consumidor terciario,Tucán,Depredación,10,16,7
4421,Águila harpía,Consumidor primario,Mono araña,Descomposición,5,31,3
4422,Boa constrictor,Consumidor primario,Boa constrictor,Herbivoría,3,49,2
4423,Rana venenosa,Productor,Rana venenosa,Herbivoría,5,38,8
4424,Rana venenosa,Consumidor secundario,Tucán,Mutualismo,8,26,8
4425,Mono araña,Consumidor terciario,Boa constrictor,Competencia,7,2,5
4426,Anaconda,Productor,Venado,Mutualismo,4,47,8
4427,Mono araña,Consumidor primario,Anaconda,Herbivoría,6,17,2
4428,Hormiga cortadora,Descomponedor,Jaguar,Competencia,2,12,1
4429,Mono araña,Consumidor primario,Águila harpía,Competencia,10,1,7
4430,Águila harpía,Consumidor terciario,Termitas,Mutualismo,3,36,9
4431,Termitas,Consumidor secundario,Jaguar,Mutualismo,5,34,8
4432,Rana venenosa,Productor,Mono araña,Competencia,1,27,1
4433,Termitas,Productor,Anaconda,Competencia,7,5,5
4434,Tucán,Consumidor primario,Boa constrictor,Competencia,6,16,5
4435,Hormiga cortadora,Productor,Hormiga cortadora,Mutualismo,2,49,8
4436,Águila harpía,Productor,Boa constrictor,Herbivoría,9,27,6
4437,Boa constrictor,Consumidor secundario,Hormiga cortadora,Depredación,8,11,8
4438,Mono araña,Consumidor primario,Boa constrictor,Descomposición,8,48,3
4439,Termitas,Consumidor primario,Mono araña,Depredación,5,5,2
4440,Boa constrictor,Consumidor primario,Hormiga cortadora,Depredación,7,6,2
4441,Boa constrictor,Productor,Tucán,Herbivoría,2,35,3
4442,Anaconda,Descomponedor,Jaguar,Herbivoría,1,50,7
4443,Águila harpía,Consumidor primario,Termitas,Mutualismo,3,4,7
4444,Termitas,Consumidor primario,Águila harpía,Descomposición,1,35,5
4445,Mono araña,Consumidor primario,Boa constrictor,Mutualismo,3,35,3
4446,Venado,Consumidor terciario,Hormiga cortadora,Mutualismo,5,31,3
4447,Boa constrictor,Descomponedor,Rana venenosa,Mutualismo,1,21,4
4448,Anaconda,Consumidor primario,Hormiga cortadora,Descomposición,5,27,4
4449,Tucán,Productor,Hormiga cortadora,Competencia,3,26,7
4450,Termitas,Consumidor secundario,Rana venenosa,Descomposición,6,9,3
4451,Jaguar,Productor,Águila harpía,Herbivoría,3,34,6
4452,Águila harpía,Descomponedor,Boa constrictor,Competencia,8,40,9
4453,Águila harpía,Descomponedor,Anaconda,Mutualismo,9,36,10
4454,Boa constrictor,Productor,Rana venenosa,Competencia,4,27,2
4455,Jaguar,Descomponedor,Tucán,Descomposición,9,39,1
4456,Termitas,Descomponedor,Venado,Herbivoría,6,9,8
4457,Termitas,Consumidor terciario,Tucán,Depredación,9,22,2
4458,Águila harpía,Productor,Boa constrictor,Mutualismo,9,13,9
4459,Rana venenosa,Consumidor secundario,Águila harpía,Mutualismo,2,33,1
4460,Hormiga cortadora,Consumidor terciario,Rana venenosa,Competencia,5,9,6
4461,Termitas,Descomponedor,Jaguar,Descomposición,9,22,4
4462,Boa constrictor,Productor,Anaconda,Herbivoría,8,14,7
4463,Hormiga cortadora,Descomponedor,Tucán,Mutualismo,9,19,6
4464,Anaconda,Descomponedor,Venado,Descomposición,9,43,5
4465,Termitas,Consumidor primario,Tucán,Descomposición,8,16,6
4466,Termitas,Consumidor primario,Boa constrictor,Depredación,8,33,4
4467,Mono araña,Productor,Águila harpía,Mutualismo,6,34,9
4468,Boa constrictor,Consumidor secundario,Termitas,Mutualismo,1,6,9
4469,Mono araña,Consumidor terciario,Anaconda,Descomposición,6,4,8
4470,Hormiga cortadora,Consumidor primario,Mono araña,Herbivoría,8,47,6
4471,Tucán,Consumidor secundario,Hormiga cortadora,Competencia,10,18,1
4472,Anaconda,Consumidor primario,Mono araña,Descomposición,1,41,10
4473,Águila harpía,Descomponedor,Rana venenosa,Mutualismo,5,34,6
4474,Mono araña,Consumidor secundario,Jaguar,Herbivoría,7,33,1
4475,Venado,Consumidor secundario,Termitas,Competencia,10,21,7
4476,Jaguar,Consumidor terciario,Hormiga cortadora,Mutualismo,4,33,4
4477,Anaconda,Descomponedor,Venado,Depredación,4,50,6
4478,Rana venenosa,Consumidor terciario,Termitas,Competencia,1,34,4
4479,Venado,Consumidor primario,Termitas,Depredación,2,45,5
4480,Rana venenosa,Consumidor secundario,Anaconda,Depredación,9,28,1
4481,Jaguar,Consumidor terciario,Boa constrictor,Competencia,4,43,7
4482,Hormiga cortadora,Consumidor primario,Rana venenosa,Depredación,7,38,4
4483,Rana venenosa,Productor,Mono araña,Herbivoría,4,40,1
4484,Venado,Productor,Águila harpía,Herbivoría,1,6,7
4485,Venado,Descomponedor,Anaconda,Competencia,1,45,4
4486,Termitas,Consumidor terciario,Águila harpía,Competencia,4,2,3
4487,Termitas,Consumidor terciario,Águila harpía,Competencia,1,37,7
4488,Tucán,Productor,Boa constrictor,Competencia,2,45,10
4489,Hormiga cortadora,Productor,Mono araña,Descomposición,2,17,5
4490,Boa constrictor,Consumidor secundario,Boa constrictor,Competencia,4,15,3
4491,Mono araña,Consumidor primario,Águila harpía,Herbivoría,9,39,6
4492,Hormiga cortadora,Consumidor secundario,Jaguar,Depredación,10,29,4
4493,Tucán,Productor,Mono araña,Competencia,8,37,6
4494,Anaconda,Consumidor terciario,Rana venenosa,Competencia,10,18,1
4495,Termitas,Productor,Boa constrictor,Herbivoría,9,7,5
4496,Tucán,Descomponedor,Anaconda,Depredación,2,27,7
4497,Águila harpía,Productor,Anaconda,Herbivoría,5,43,2
4498,Venado,Consumidor terciario,Águila harpía,Herbivoría,2,45,1
4499,Águila harpía,Consumidor secundario,Boa constrictor,Descomposición,4,25,5
4500,Venado,Consumidor secundario,Venado,Depredación,10,46,9
4501,Termitas,Productor,Mono araña,Herbivoría,5,27,3
4502,Hormiga cortadora,Consumidor primario,Águila harpía,Herbivoría,7,21,6
4503,Boa constrictor,Consumidor terciario,Águila harpía,Mutualismo,9,18,5
4504,Mono araña,Productor,Anaconda,Herbivoría,10,16,4
4505,Anaconda,Consumidor secundario,Venado,Herbivoría,9,42,7
4506,Tucán,Descomponedor,Jaguar,Herbivoría,6,19,1
4507,Águila harpía,Productor,Jaguar,Herbivoría,6,47,10
4508,Boa constrictor,Consumidor primario,Venado,Competencia,9,47,10
4509,Boa constrictor,Descomponedor,Rana venenosa,Depredación,4,22,3
4510,Jaguar,Descomponedor,Boa constrictor,Mutualismo,10,22,9
4511,Águila harpía,Consumidor secundario,Termitas,Descomposición,9,39,2
4512,Anaconda,Consumidor primario,Boa constrictor,Herbivoría,3,17,5
4513,Águila harpía,Consumidor terciario,Rana venenosa,Competencia,3,28,8
4514,Rana venenosa,Consumidor primario,Rana venenosa,Descomposición,1,20,4
4515,Hormiga cortadora,Productor,Mono araña,Descomposición,2,3,5
4516,Termitas,Descomponedor,Rana venenosa,Depredación,7,5,7
4517,Anaconda,Consumidor terciario,Rana venenosa,Mutualismo,4,12,3
4518,Rana venenosa,Consumidor primario,Venado,Herbivoría,6,11,1
4519,Águila harpía,Consumidor primario,Termitas,Mutualismo,9,5,6
4520,Jaguar,Descomponedor,Boa constrictor,Herbivoría,10,8,6
4521,Jaguar,Consumidor secundario,Águila harpía,Mutualismo,5,45,10
4522,Anaconda,Consumidor primario,Jaguar,Herbivoría,4,47,9
4523,Águila harpía,Consumidor primario,Rana venenosa,Competencia,9,36,4
4524,Anaconda,Consumidor terciario,Hormiga cortadora,Competencia,8,45,7
4525,Venado,Consumidor primario,Hormiga cortadora,Descomposición,5,36,5
4526,Mono araña,Productor,Águila harpía,Herbivoría,4,22,4
4527,Boa constrictor,Consumidor secundario,Jaguar,Competencia,10,4,5
4528,Tucán,Descomponedor,Boa constrictor,Herbivoría,7,49,9
4529,Tucán,Productor,Hormiga cortadora,Competencia,7,40,8
4530,Mono araña,Productor,Águila harpía,Mutualismo,6,33,6
4531,Venado,Consumidor secundario,Mono araña,Depredación,2,44,10
4532,Águila harpía,Consumidor secundario,Hormiga cortadora,Depredación,10,16,8
4533,Termitas,Productor,Tucán,Competencia,6,20,3
4534,Jaguar,Descomponedor,Termitas,Competencia,5,45,8
4535,Mono araña,Consumidor terciario,Hormiga cortadora,Descomposición,5,29,1
4536,Tucán,Consumidor primario,Hormiga cortadora,Competencia,2,18,2
4537,Tucán,Consumidor primario,Águila harpía,Herbivoría,6,45,6
4538,Tucán,Consumidor terciario,Boa constrictor,Competencia,4,32,10
4539,Águila harpía,Consumidor terciario,Hormiga cortadora,Herbivoría,3,37,4
4540,Mono araña,Consumidor primario,Tucán,Competencia,1,2,4
4541,Termitas,Descomponedor,Anaconda,Depredación,2,35,2
4542,Mono araña,Consumidor terciario,Termitas,Competencia,7,28,7
4543,Águila harpía,Consumidor primario,Mono araña,Mutualismo,10,45,5
4544,Termitas,Descomponedor,Tucán,Depredación,2,16,2
4545,Boa constrictor,Descomponedor,Tucán,Descomposición,1,42,3
4546,Águila harpía,Consumidor secundario,Anaconda,Competencia,6,26,2
4547,Venado,Descomponedor,Termitas,Depredación,10,49,6
4548,Rana venenosa,Consumidor primario,Águila harpía,Competencia,6,34,1
4549,Venado,Productor,Mono araña,Mutualismo,4,18,9
4550,Tucán,Productor,Jaguar,Depredación,5,47,1
4551,Boa constrictor,Descomponedor,Anaconda,Descomposición,2,20,10
4552,Boa constrictor,Consumidor secundario,Jaguar,Depredación,7,15,8
4553,Jaguar,Productor,Anaconda,Competencia,2,4,1
4554,Anaconda,Consumidor terciario,Mono araña,Depredación,10,13,2
4555,Hormiga cortadora,Consumidor terciario,Boa constrictor,Competencia,5,32,9
4556,Venado,Productor,Jaguar,Descomposición,8,18,7
4557,Jaguar,Consumidor primario,Jaguar,Competencia,1,47,4
4558,Venado,Consumidor primario,Boa constrictor,Herbivoría,3,32,9
4559,Boa constrictor,Descomponedor,Mono araña,Mutualismo,10,42,10
4560,Hormiga cortadora,Consumidor terciario,Hormiga cortadora,Depredación,4,44,7
4561,Termitas,Consumidor terciario,Jaguar,Depredación,4,30,10
4562,Águila harpía,Consumidor secundario,Boa constrictor,Depredación,1,48,7
4563,Tucán,Productor,Anaconda,Herbivoría,5,45,4
4564,Rana venenosa,Consumidor terciario,Jaguar,Descomposición,7,49,3
4565,Mono araña,Productor,Hormiga cortadora,Mutualismo,2,17,10
4566,Venado,Consumidor terciario,Mono araña,Mutualismo,2,18,4
4567,Rana venenosa,Productor,Mono araña,Herbivoría,5,45,8
4568,Termitas,Consumidor terciario,Rana venenosa,Competencia,10,10,8
4569,Boa constrictor,Productor,Tucán,Depredación,2,38,5
4570,Rana venenosa,Consumidor secundario,Termitas,Herbivoría,7,20,6
4571,Tucán,Consumidor primario,Jaguar,Competencia,6,46,9
4572,Venado,Consumidor secundario,Boa constrictor,Herbivoría,4,34,4
4573,Anaconda,Consumidor secundario,Hormiga cortadora,Descomposición,4,25,5
4574,Águila harpía,Descomponedor,Anaconda,Descomposición,10,31,7
4575,Venado,Descomponedor,Tucán,Mutualismo,2,30,2
4576,Hormiga cortadora,Descomponedor,Boa constrictor,Competencia,3,6,3
4577,Venado,Consumidor terciario,Rana venenosa,Mutualismo,5,48,2
4578,Mono araña,Consumidor terciario,Boa constrictor,Competencia,8,46,5
4579,Rana venenosa,Productor,Rana venenosa,Depredación,6,26,6
4580,Tucán,Productor,Venado,Mutualismo,10,34,8
4581,Hormiga cortadora,Consumidor terciario,Boa constrictor,Competencia,6,20,10
4582,Hormiga cortadora,Productor,Venado,Herbivoría,2,26,10
4583,Termitas,Productor,Tucán,Descomposición,3,42,10
4584,Rana venenosa,Consumidor secundario,Hormiga cortadora,Mutualismo,3,46,7
4585,Anaconda,Consumidor terciario,Boa constrictor,Herbivoría,6,34,3
4586,Anaconda,Consumidor primario,Rana venenosa,Herbivoría,6,21,2
4587,Tucán,Consumidor secundario,Tucán,Descomposición,4,18,4
4588,Boa constrictor,Consumidor secundario,Boa constrictor,Mutualismo,2,37,5
4589,Termitas,Consumidor secundario,Termitas,Depredación,6,27,5
4590,Águila harpía,Consumidor primario,Anaconda,Herbivoría,4,42,6
4591,Jaguar,Consumidor secundario,Boa constrictor,Descomposición,7,20,1
4592,Termitas,Consumidor terciario,Boa constrictor,Mutualismo,3,36,2
4593,Venado,Consumidor secundario,Rana venenosa,Herbivoría,2,32,10
4594,Anaconda,Productor,Anaconda,Mutualismo,6,41,8
4595,Águila harpía,Productor,Águila harpía,Herbivoría,4,39,9
4596,Jaguar,Descomponedor,Rana venenosa,Mutualismo,7,37,7
4597,Águila harpía,Productor,Rana venenosa,Depredación,5,4,6
4598,Mono araña,Consumidor primario,Anaconda,Mutualismo,7,46,1
4599,Anaconda,Consumidor primario,Venado,Descomposición,6,18,6
4600,Hormiga cortadora,Consumidor terciario,Termitas,Descomposición,6,39,1
4601,Termitas,Consumidor secundario,Termitas,Depredación,5,11,8
4602,Mono araña,Consumidor primario,Venado,Mutualismo,6,17,4
4603,Venado,Descomponedor,Anaconda,Mutualismo,8,16,2
4604,Jaguar,Consumidor terciario,Águila harpía,Mutualismo,9,2,9
4605,Termitas,Productor,Tucán,Descomposición,7,13,10
4606,Venado,Consumidor terciario,Águila harpía,Competencia,8,2,5
4607,Jaguar,Descomponedor,Tucán,Depredación,6,16,1
4608,Águila harpía,Consumidor terciario,Jaguar,Herbivoría,9,29,2
4609,Águila harpía,Productor,Termitas,Herbivoría,1,27,3
4610,Águila harpía,Consumidor secundario,Mono araña,Competencia,1,24,8
4611,Mono araña,Consumidor terciario,Anaconda,Competencia,4,40,7
4612,Anaconda,Descomponedor,Boa constrictor,Descomposición,6,30,1
4613,Venado,Consumidor secundario,Mono araña,Competencia,8,36,2
4614,Boa constrictor,Productor,Boa constrictor,Competencia,7,27,1
4615,Águila harpía,Consumidor secundario,Mono araña,Mutualismo,6,34,8
4616,Jaguar,Consumidor primario,Anaconda,Descomposición,2,45,10
4617,Venado,Consumidor primario,Mono araña,Depredación,8,36,8
4618,Hormiga cortadora,Consumidor secundario,Venado,Depredación,8,46,1
4619,Venado,Descomponedor,Jaguar,Competencia,9,3,4
4620,Jaguar,Descomponedor,Venado,Mutualismo,9,28,5
4621,Anaconda,Productor,Anaconda,Herbivoría,5,19,3
4622,Mono araña,Consumidor secundario,Rana venenosa,Competencia,5,18,2
4623,Anaconda,Productor,Termitas,Competencia,5,43,10
4624,Rana venenosa,Productor,Águila harpía,Descomposición,3,3,4
4625,Anaconda,Consumidor primario,Venado,Competencia,9,7,6
4626,Tucán,Descomponedor,Termitas,Mutualismo,8,23,8
4627,Mono araña,Productor,Mono araña,Descomposición,10,5,7
4628,Jaguar,Consumidor terciario,Boa constrictor,Herbivoría,1,21,6
4629,Mono araña,Productor,Jaguar,Competencia,6,14,10
4630,Águila harpía,Consumidor primario,Rana venenosa,Descomposición,6,27,1
4631,Jaguar,Consumidor terciario,Boa constrictor,Depredación,3,36,3
4632,Hormiga cortadora,Consumidor secundario,Anaconda,Competencia,8,45,8
4633,Boa constrictor,Consumidor secundario,Jaguar,Mutualismo,4,10,4
4634,Termitas,Consumidor terciario,Rana venenosa,Descomposición,6,31,4
4635,Águila harpía,Consumidor terciario,Águila harpía,Herbivoría,6,36,9
4636,Anaconda,Productor,Rana venenosa,Competencia,5,47,6
4637,Águila harpía,Consumidor primario,Mono araña,Descomposición,5,30,2
4638,Tucán,Consumidor secundario,Hormiga cortadora,Competencia,6,1,3
4639,Rana venenosa,Consumidor primario,Venado,Herbivoría,10,45,3
4640,Jaguar,Consumidor terciario,Anaconda,Mutualismo,5,11,4
4641,Termitas,Consumidor secundario,Hormiga cortadora,Descomposición,4,43,8
4642,Tucán,Productor,Tucán,Competencia,9,22,5
4643,Rana venenosa,Consumidor terciario,Hormiga cortadora,Herbivoría,3,8,4
4644,Rana venenosa,Consumidor primario,Tucán,Mutualismo,10,32,7
4645,Boa constrictor,Consumidor secundario,Anaconda,Descomposición,9,7,1
4646,Jaguar,Consumidor primario,Jaguar,Depredación,2,17,1
4647,Anaconda,Consumidor primario,Venado,Depredación,4,19,2
4648,Hormiga cortadora,Descomponedor,Rana venenosa,Depredación,7,43,8
4649,Venado,Consumidor primario,Rana venenosa,Competencia,5,36,5
4650,Venado,Consumidor terciario,Termitas,Competencia,8,23,2
4651,Termitas,Consumidor secundario,Jaguar,Herbivoría,5,9,7
4652,Termitas,Descomponedor,Venado,Herbivoría,1,41,3
4653,Rana venenosa,Consumidor primario,Águila harpía,Depredación,5,1,3
4654,Anaconda,Consumidor primario,Boa constrictor,Depredación,9,34,4
4655,Venado,Productor,Mono araña,Herbivoría,5,8,4
4656,Hormiga cortadora,Descomponedor,Rana venenosa,Competencia,1,8,6
4657,Águila harpía,Consumidor secundario,Águila harpía,Depredación,9,8,2
4658,Rana venenosa,Productor,Hormiga cortadora,Herbivoría,7,6,8
4659,Boa constrictor,Descomponedor,Águila harpía,Herbivoría,4,39,2
4660,Jaguar,Descomponedor,Anaconda,Depredación,9,3,4
4661,Hormiga cortadora,Productor,Venado,Descomposición,9,39,6
4662,Hormiga cortadora,Consumidor primario,Tucán,Mutualismo,9,25,8
4663,Mono araña,Consumidor terciario,Águila harpía,Depredación,6,29,10
4664,Rana venenosa,Productor,Rana venenosa,Descomposición,1,21,4
4665,Rana venenosa,Productor,Hormiga cortadora,Depredación,10,2,8
4666,Águila harpía,Consumidor secundario,Mono araña,Descomposición,2,30,3
4667,Águila harpía,Productor,Tucán,Depredación,5,6,7
4668,Hormiga cortadora,Productor,Boa constrictor,Depredación,5,21,1
4669,Venado,Productor,Jaguar,Depredación,1,19,2
4670,Venado,Consumidor secundario,Mono araña,Mutualismo,7,32,2
4671,Anaconda,Descomponedor,Termitas,Mutualismo,7,9,3
4672,Termitas,Consumidor secundario,Termitas,Mutualismo,7,25,5
4673,Hormiga cortadora,Productor,Boa constrictor,Descomposición,2,23,1
4674,Anaconda,Consumidor secundario,Anaconda,Competencia,6,19,3
4675,Hormiga cortadora,Consumidor terciario,Tucán,Depredación,1,28,8
4676,Tucán,Productor,Tucán,Herbivoría,3,15,2
4677,Mono araña,Productor,Anaconda,Depredación,4,31,7
4678,Mono araña,Descomponedor,Venado,Mutualismo,8,38,9
4679,Mono araña,Consumidor primario,Venado,Competencia,4,2,7
4680,Venado,Consumidor primario,Rana venenosa,Herbivoría,4,11,1
4681,Águila harpía,Productor,Águila harpía,Mutualismo,5,3,1
4682,Rana venenosa,Consumidor terciario,Águila harpía,Herbivoría,3,41,7
4683,Jaguar,Consumidor terciario,Jaguar,Descomposición,10,36,1
4684,Hormiga cortadora,Descomponedor,Águila harpía,Descomposición,10,5,4
4685,Venado,Productor,Termitas,Descomposición,1,36,10
4686,Rana venenosa,Productor,Mono araña,Mutualismo,6,44,7
4687,Mono araña,Consumidor secundario,Venado,Herbivoría,6,19,9
4688,Rana venenosa,Productor,Jaguar,Herbivoría,4,41,2
4689,Termitas,Consumidor secundario,Anaconda,Descomposición,10,11,7
4690,Rana venenosa,Descomponedor,Termitas,Competencia,5,40,1
4691,Mono araña,Consumidor primario,Águila harpía,Descomposición,2,44,9
4692,Venado,Descomponedor,Termitas,Mutualismo,10,39,9
4693,Hormiga cortadora,Descomponedor,Anaconda,Herbivoría,3,14,3
4694,Rana venenosa,Descomponedor,Rana venenosa,Depredación,10,48,5
4695,Venado,Descomponedor,Hormiga cortadora,Descomposición,3,31,6
4696,Tucán,Consumidor primario,Jaguar,Herbivoría,9,11,3
4697,Jaguar,Consumidor primario,Águila harpía,Mutualismo,2,18,6
4698,Mono araña,Consumidor secundario,Venado,Descomposición,9,50,3
4699,Boa constrictor,Consumidor secundario,Tucán,Depredación,3,34,9
4700,Termitas,Productor,Jaguar,Descomposición,8,44,9
4701,Tucán,Consumidor terciario,Anaconda,Competencia,3,2,1
4702,Anaconda,Productor,Boa constrictor,Competencia,9,27,4
4703,Jaguar,Consumidor terciario,Anaconda,Mutualismo,4,38,2
4704,Boa constrictor,Descomponedor,Hormiga cortadora,Mutualismo,4,1,2
4705,Hormiga cortadora,Consumidor secundario,Hormiga cortadora,Competencia,9,47,9
4706,Hormiga cortadora,Consumidor terciario,Boa constrictor,Descomposición,10,47,1
4707,Venado,Consumidor secundario,Anaconda,Mutualismo,2,10,2
4708,Águila harpía,Productor,Rana venenosa,Herbivoría,10,26,6
4709,Mono araña,Descomponedor,Termitas,Herbivoría,3,28,8
4710,Rana venenosa,Descomponedor,Hormiga cortadora,Descomposición,3,21,1
4711,Rana venenosa,Consumidor terciario,Jaguar,Descomposición,3,29,4
4712,Mono araña,Consumidor secundario,Mono araña,Depredación,4,24,6
4713,Tucán,Consumidor secundario,Mono araña,Mutualismo,1,41,4
4714,Termitas,Consumidor secundario,Jaguar,Herbivoría,2,19,8
4715,Boa constrictor,Descomponedor,Boa constrictor,Depredación,4,2,3
4716,Jaguar,Consumidor terciario,Águila harpía,Descomposición,7,12,7
4717,Anaconda,Consumidor primario,Venado,Mutualismo,6,31,8
4718,Rana venenosa,Consumidor primario,Tucán,Herbivoría,7,13,4
4719,Boa constrictor,Consumidor secundario,Rana venenosa,Mutualismo,3,30,2
4720,Boa constrictor,Consumidor terciario,Hormiga cortadora,Mutualismo,3,33,8
4721,Hormiga cortadora,Productor,Rana venenosa,Descomposición,9,29,4
4722,Boa constrictor,Productor,Tucán,Competencia,3,41,7
4723,Tucán,Consumidor primario,Termitas,Depredación,6,42,3
4724,Águila harpía,Productor,Hormiga cortadora,Herbivoría,1,42,4
4725,Venado,Productor,Venado,Competencia,6,12,3
4726,Mono araña,Consumidor primario,Hormiga cortadora,Depredación,1,17,1
4727,Boa constrictor,Descomponedor,Mono araña,Mutualismo,2,29,3
4728,Rana venenosa,Descomponedor,Águila harpía,Competencia,9,21,10
4729,Águila harpía,Productor,Jaguar,Mutualismo,6,9,4
4730,Tucán,Productor,Águila harpía,Depredación,2,27,4
4731,Tucán,Consumidor primario,Termitas,Depredación,2,36,9
4732,Venado,Productor,Boa constrictor,Herbivoría,1,25,8
4733,Rana venenosa,Consumidor secundario,Mono araña,Descomposición,7,34,4
4734,Anaconda,Descomponedor,Águila harpía,Herbivoría,4,2,9
4735,Venado,Descomponedor,Rana venenosa,Depredación,3,48,6
4736,Tucán,Consumidor terciario,Águila harpía,Mutualismo,6,2,4
4737,Anaconda,Productor,Anaconda,Depredación,2,23,6
4738,Boa constrictor,Consumidor primario,Rana venenosa,Herbivoría,9,38,1
4739,Anaconda,Productor,Boa constrictor,Herbivoría,7,7,4
4740,Venado,Consumidor secundario,Hormiga cortadora,Mutualismo,8,5,3
4741,Venado,Productor,Jaguar,Descomposición,2,31,1
4742,Boa constrictor,Consumidor secundario,Mono araña,Mutualismo,6,36,10
4743,Boa constrictor,Consumidor terciario,Jaguar,Mutualismo,3,9,7
4744,Águila harpía,Descomponedor,Boa constrictor,Depredación,9,3,7
4745,Anaconda,Productor,Boa constrictor,Depredación,8,44,4
4746,Mono araña,Consumidor terciario,Anaconda,Herbivoría,2,8,1
4747,Rana venenosa,Consumidor secundario,Hormiga cortadora,Mutualismo,1,17,6
4748,Termitas,Descomponedor,Jaguar,Competencia,2,35,5
4749,Venado,Productor,Tucán,Depredación,5,30,3
4750,Venado,Productor,Boa constrictor,Mutualismo,9,35,1
4751,Tucán,Productor,Termitas,Descomposición,2,28,3
4752,Tucán,Consumidor primario,Jaguar,Herbivoría,5,36,5
4753,Venado,Consumidor terciario,Termitas,Depredación,5,17,9
4754,Rana venenosa,Consumidor primario,Venado,Mutualismo,7,6,3
4755,Hormiga cortadora,Productor,Águila harpía,Descomposición,1,11,1
4756,Anaconda,Productor,Jaguar,Herbivoría,9,34,3
4757,Hormiga cortadora,Productor,Venado,Depredación,1,25,7
4758,Tucán,Consumidor primario,Boa constrictor,Herbivoría,6,9,5
4759,Boa constrictor,Consumidor secundario,Jaguar,Mutualismo,2,6,1
4760,Tucán,Consumidor terciario,Tucán,Descomposición,7,48,5
4761,Termitas,Productor,Mono araña,Herbivoría,4,5,2
4762,Jaguar,Consumidor secundario,Venado,Mutualismo,1,33,2
4763,Hormiga cortadora,Consumidor secundario,Boa constrictor,Descomposición,1,37,2
4764,Anaconda,Consumidor secundario,Águila harpía,Herbivoría,7,25,5
4765,Anaconda,Descomponedor,Hormiga cortadora,Depredación,1,28,3
4766,Rana venenosa,Consumidor secundario,Águila harpía,Competencia,9,48,5
4767,Anaconda,Descomponedor,Venado,Depredación,7,43,1
4768,Hormiga cortadora,Consumidor primario,Boa constrictor,Descomposición,7,34,1
4769,Tucán,Consumidor terciario,Boa constrictor,Mutualismo,5,34,8
4770,Boa constrictor,Descomponedor,Mono araña,Descomposición,10,1,9
4771,Rana venenosa,Productor,Rana venenosa,Descomposición,7,21,5
4772,Termitas,Consumidor primario,Jaguar,Descomposición,2,47,7
4773,Águila harpía,Consumidor terciario,Águila harpía,Depredación,7,3,6
4774,Rana venenosa,Consumidor secundario,Venado,Depredación,6,41,5
4775,Jaguar,Descomponedor,Águila harpía,Herbivoría,6,5,4
4776,Tucán,Productor,Tucán,Depredación,8,47,10
4777,Anaconda,Consumidor terciario,Hormiga cortadora,Mutualismo,5,11,2
4778,Venado,Productor,Boa constrictor,Descomposición,2,45,2
4779,Termitas,Consumidor terciario,Termitas,Competencia,8,48,3
4780,Águila harpía,Descomponedor,Águila harpía,Mutualismo,10,47,7
4781,Anaconda,Productor,Venado,Herbivoría,8,41,1
4782,Rana venenosa,Consumidor primario,Venado,Mutualismo,6,23,4
4783,Venado,Productor,Termitas,Descomposición,7,32,8
4784,Mono araña,Descomponedor,Tucán,Herbivoría,4,22,6
4785,Anaconda,Consumidor primario,Jaguar,Descomposición,2,6,5
4786,Tucán,Consumidor primario,Rana venenosa,Mutualismo,9,6,9
4787,Jaguar,Productor,Venado,Herbivoría,7,4,9
4788,Anaconda,Consumidor primario,Hormiga cortadora,Herbivoría,5,10,4
4789,Jaguar,Consumidor terciario,Venado,Mutualismo,5,49,2
4790,Venado,Productor,Termitas,Herbivoría,4,19,10
4791,Águila harpía,Descomponedor,Anaconda,Depredación,5,25,10
4792,Jaguar,Consumidor terciario,Termitas,Descomposición,8,19,6
4793,Venado,Productor,Anaconda,Descomposición,5,21,9
4794,Tucán,Consumidor secundario,Rana venenosa,Descomposición,8,24,7
4795,Termitas,Consumidor terciario,Hormiga cortadora,Descomposición,8,20,8
4796,Venado,Consumidor secundario,Mono araña,Mutualismo,7,48,9
4797,Águila harpía,Descomponedor,Jaguar,Descomposición,2,41,6
4798,Hormiga cortadora,Consumidor secundario,Boa constrictor,Descomposición,8,49,10
4799,Venado,Productor,Venado,Depredación,10,5,7
4800,Venado,Consumidor terciario,Boa constrictor,Herbivoría,6,44,9
4801,Boa constrictor,Productor,Hormiga cortadora,Herbivoría,5,19,6
4802,Anaconda,Consumidor primario,Jaguar,Competencia,1,11,3
4803,Mono araña,Consumidor terciario,Tucán,Competencia,9,50,5
4804,Águila harpía,Descomponedor,Águila harpía,Mutualismo,4,26,5
4805,Boa constrictor,Consumidor terciario,Termitas,Herbivoría,5,21,2
4806,Jaguar,Descomponedor,Hormiga cortadora,Competencia,1,37,5
4807,Anaconda,Consumidor terciario,Hormiga cortadora,Depredación,10,47,3
4808,Tucán,Descomponedor,Tucán,Depredación,10,37,10
4809,Anaconda,Descomponedor,Tucán,Herbivoría,8,27,3
4810,Anaconda,Consumidor primario,Rana venenosa,Descomposición,1,36,4
4811,Mono araña,Productor,Termitas,Mutualismo,6,49,8
4812,Águila harpía,Consumidor secundario,Termitas,Descomposición,10,30,3
4813,Jaguar,Consumidor secundario,Hormiga cortadora,Depredación,2,45,4
4814,Mono araña,Consumidor terciario,Anaconda,Mutualismo,4,28,5
4815,Venado,Consumidor secundario,Rana venenosa,Descomposición,9,19,3
4816,Termitas,Consumidor terciario,Águila harpía,Herbivoría,2,46,5
4817,Rana venenosa,Productor,Águila harpía,Depredación,9,28,8
4818,Anaconda,Descomponedor,Águila harpía,Depredación,6,3,10
4819,Jaguar,Consumidor terciario,Boa constrictor,Descomposición,5,28,4
4820,Mono araña,Productor,Mono araña,Competencia,3,16,9
4821,Boa constrictor,Consumidor secundario,Mono araña,Herbivoría,9,21,6
4822,Águila harpía,Productor,Rana venenosa,Depredación,5,9,8
4823,Anaconda,Consumidor terciario,Águila harpía,Depredación,2,31,1
4824,Termitas,Consumidor terciario,Venado,Descomposición,9,23,8
4825,Hormiga cortadora,Consumidor secundario,Mono araña,Descomposición,2,17,7
4826,Boa constrictor,Consumidor primario,Jaguar,Competencia,5,31,6
4827,Tucán,Productor,Hormiga cortadora,Competencia,9,1,1
4828,Rana venenosa,Consumidor terciario,Boa constrictor,Depredación,8,24,3
4829,Boa constrictor,Consumidor primario,Anaconda,Descomposición,1,44,8
4830,Jaguar,Consumidor primario,Termitas,Depredación,1,16,9
4831,Boa constrictor,Consumidor primario,Jaguar,Herbivoría,2,35,5
4832,Termitas,Productor,Venado,Mutualismo,7,14,10
4833,Águila harpía,Consumidor secundario,Venado,Depredación,8,17,6
4834,Mono araña,Descomponedor,Jaguar,Descomposición,8,9,8
4835,Anaconda,Consumidor secundario,Anaconda,Herbivoría,9,13,10
4836,Tucán,Descomponedor,Rana venenosa,Descomposición,1,28,2
4837,Anaconda,Consumidor secundario,Hormiga cortadora,Herbivoría,6,1,6
4838,Hormiga cortadora,Consumidor primario,Boa constrictor,Herbivoría,7,37,2
4839,Boa constrictor,Descomponedor,Rana venenosa,Herbivoría,5,44,2
4840,Rana venenosa,Consumidor primario,Anaconda,Mutualismo,10,16,7
4841,Jaguar,Productor,Boa constrictor,Competencia,4,10,10
4842,Rana venenosa,Consumidor secundario,Rana venenosa,Mutualismo,7,42,2
4843,Termitas,Consumidor secundario,Hormiga cortadora,Herbivoría,5,6,5
4844,Anaconda,Descomponedor,Boa constrictor,Depredación,2,24,1
4845,Tucán,Productor,Jaguar,Descomposición,7,25,7
4846,Boa constrictor,Consumidor terciario,Venado,Depredación,6,13,2
4847,Rana venenosa,Consumidor terciario,Rana venenosa,Herbivoría,2,50,6
4848,Venado,Consumidor terciario,Mono araña,Herbivoría,7,14,2
4849,Águila harpía,Consumidor secundario,Termitas,Herbivoría,1,29,7
4850,Boa constrictor,Consumidor terciario,Mono araña,Mutualismo,9,12,1
4851,Tucán,Productor,Boa constrictor,Mutualismo,9,44,7
4852,Jaguar,Consumidor terciario,Águila harpía,Descomposición,5,20,8
4853,Hormiga cortadora,Consumidor secundario,Tucán,Mutualismo,9,47,3
4854,Anaconda,Consumidor secundario,Águila harpía,Mutualismo,4,36,1
4855,Venado,Productor,Boa constrictor,Mutualismo,2,42,4
4856,Rana venenosa,Consumidor secundario,Anaconda,Depredación,6,46,9
4857,Jaguar,Descomponedor,Mono araña,Competencia,3,13,8
4858,Anaconda,Consumidor primario,Águila harpía,Descomposición,10,50,4
4859,Mono araña,Consumidor primario,Rana venenosa,Depredación,5,44,5
4860,Termitas,Consumidor terciario,Mono araña,Descomposición,10,49,7
4861,Hormiga cortadora,Consumidor primario,Rana venenosa,Mutualismo,1,20,5
4862,Tucán,Consumidor secundario,Hormiga cortadora,Mutualismo,7,15,7
4863,Boa constrictor,Descomponedor,Águila harpía,Herbivoría,9,45,7
4864,Hormiga cortadora,Consumidor primario,Boa constrictor,Descomposición,1,34,10
4865,Termitas,Consumidor secundario,Boa constrictor,Descomposición,3,43,2
4866,Rana venenosa,Consumidor primario,Mono araña,Mutualismo,7,10,8
4867,Venado,Consumidor primario,Rana venenosa,Competencia,1,21,9
4868,Anaconda,Descomponedor,Jaguar,Competencia,1,14,9
4869,Boa constrictor,Consumidor primario,Rana venenosa,Depredación,6,21,5
4870,Rana venenosa,Productor,Mono araña,Depredación,3,35,6
4871,Venado,Descomponedor,Hormiga cortadora,Depredación,1,3,6
4872,Jaguar,Productor,Rana venenosa,Depredación,8,19,1
4873,Rana venenosa,Descomponedor,Rana venenosa,Competencia,5,33,6
4874,Venado,Descomponedor,Águila harpía,Mutualismo,1,12,2
4875,Jaguar,Consumidor secundario,Venado,Mutualismo,6,9,2
4876,Jaguar,Consumidor primario,Anaconda,Mutualismo,9,50,1
4877,Rana venenosa,Consumidor primario,Tucán,Descomposición,5,28,7
4878,Águila harpía,Consumidor terciario,Boa constrictor,Herbivoría,10,35,5
4879,Boa constrictor,Consumidor primario,Boa constrictor,Descomposición,6,50,1
4880,Hormiga cortadora,Consumidor primario,Venado,Depredación,2,48,10
4881,Hormiga cortadora,Productor,Venado,Competencia,2,45,2
4882,Anaconda,Descomponedor,Termitas,Competencia,7,22,6
4883,Mono araña,Consumidor terciario,Venado,Depredación,2,39,6
4884,Tucán,Descomponedor,Águila harpía,Mutualismo,4,27,7
4885,Mono araña,Consumidor secundario,Águila harpía,Competencia,8,44,4
4886,Venado,Consumidor terciario,Hormiga cortadora,Competencia,7,45,1
4887,Venado,Consumidor terciario,Hormiga cortadora,Depredación,1,1,7
4888,Venado,Consumidor secundario,Boa constrictor,Herbivoría,9,31,10
4889,Hormiga cortadora,Consumidor terciario,Tucán,Herbivoría,1,25,4
4890,Jaguar,Consumidor primario,Jaguar,Herbivoría,5,34,3
4891,Termitas,Consumidor secundario,Tucán,Herbivoría,1,34,10
4892,Jaguar,Descomponedor,Águila harpía,Herbivoría,6,15,10
4893,Hormiga cortadora,Consumidor secundario,Boa constrictor,Mutualismo,3,7,6
4894,Termitas,Productor,Anaconda,Competencia,1,45,3
4895,Hormiga cortadora,Descomponedor,Mono araña,Depredación,7,35,7
4896,Tucán,Consumidor primario,Termitas,Depredación,9,1,9
4897,Mono araña,Consumidor terciario,Boa constrictor,Depredación,9,39,1
4898,Boa constrictor,Consumidor secundario,Venado,Descomposición,6,28,6
4899,Jaguar,Descomponedor,Rana venenosa,Depredación,2,35,7
4900,Jaguar,Consumidor primario,Anaconda,Mutualismo,3,3,9
4901,Rana venenosa,Consumidor primario,Rana venenosa,Depredación,6,45,3
4902,Águila harpía,Descomponedor,Águila harpía,Descomposición,7,13,6
4903,Hormiga cortadora,Productor,Tucán,Herbivoría,6,27,5
4904,Venado,Consumidor terciario,Boa constrictor,Competencia,8,46,4
4905,Águila harpía,Descomponedor,Tucán,Competencia,10,10,1
4906,Rana venenosa,Consumidor terciario,Rana venenosa,Herbivoría,2,20,10
4907,Anaconda,Consumidor primario,Boa constrictor,Descomposición,9,28,8
4908,Mono araña,Consumidor terciario,Boa constrictor,Descomposición,4,28,10
4909,Águila harpía,Consumidor primario,Rana venenosa,Descomposición,7,42,5
4910,Rana venenosa,Productor,Hormiga cortadora,Competencia,10,24,1
4911,Jaguar,Consumidor primario,Águila harpía,Descomposición,10,34,3
4912,Termitas,Consumidor primario,Mono araña,Descomposición,7,22,2
4913,Anaconda,Productor,Venado,Depredación,5,20,9
4914,Águila harpía,Consumidor primario,Rana venenosa,Descomposición,1,19,8
4915,Termitas,Consumidor terciario,Tucán,Mutualismo,4,38,3
4916,Mono araña,Consumidor primario,Venado,Herbivoría,5,40,3
4917,Termitas,Consumidor primario,Anaconda,Descomposición,7,33,4
4918,Anaconda,Consumidor secundario,Tucán,Mutualismo,9,49,9
4919,Tucán,Productor,Venado,Competencia,8,30,5
4920,Rana venenosa,Consumidor secundario,Venado,Mutualismo,5,20,3
4921,Mono araña,Descomponedor,Águila harpía,Mutualismo,9,23,2
4922,Hormiga cortadora,Consumidor terciario,Hormiga cortadora,Mutualismo,4,23,9
4923,Mono araña,Descomponedor,Mono araña,Herbivoría,8,49,1
4924,Mono araña,Productor,Tucán,Herbivoría,6,25,1
4925,Boa constrictor,Consumidor terciario,Águila harpía,Herbivoría,3,8,8
4926,Tucán,Consumidor primario,Anaconda,Descomposición,10,17,10
4927,Anaconda,Consumidor terciario,Boa constrictor,Competencia,9,5,8
4928,Mono araña,Consumidor primario,Águila harpía,Descomposición,3,32,2
4929,Tucán,Consumidor secundario,Hormiga cortadora,Competencia,6,10,8
4930,Rana venenosa,Productor,Termitas,Descomposición,7,29,10
4931,Mono araña,Consumidor secundario,Mono araña,Mutualismo,9,50,7
4932,Tucán,Descomponedor,Anaconda,Mutualismo,10,10,10
4933,Jaguar,Consumidor secundario,Venado,Competencia,6,37,2
4934,Rana venenosa,Descomponedor,Hormiga cortadora,Mutualismo,8,14,2
4935,Hormiga cortadora,Productor,Águila harpía,Mutualismo,7,41,3
4936,Tucán,Consumidor primario,Anaconda,Herbivoría,7,3,5
4937,Rana venenosa,Consumidor primario,Anaconda,Depredación,10,21,4
4938,Termitas,Consumidor terciario,Mono araña,Depredación,2,1,4
4939,Jaguar,Consumidor primario,Rana venenosa,Descomposición,10,22,7
4940,Rana venenosa,Consumidor terciario,Hormiga cortadora,Mutualismo,1,46,8
4941,Termitas,Consumidor terciario,Hormiga cortadora,Mutualismo,1,39,5
4942,Tucán,Consumidor terciario,Boa constrictor,Descomposición,8,29,9
4943,Hormiga cortadora,Consumidor primario,Águila harpía,Mutualismo,4,19,4
4944,Hormiga cortadora,Productor,Águila harpía,Competencia,6,6,5
4945,Anaconda,Productor,Jaguar,Competencia,8,41,5
4946,Rana venenosa,Consumidor secundario,Tucán,Descomposición,9,40,8
4947,Termitas,Descomponedor,Anaconda,Competencia,5,16,7
4948,Anaconda,Consumidor secundario,Rana venenosa,Herbivoría,4,34,1
4949,Anaconda,Consumidor terciario,Boa constrictor,Descomposición,4,43,7
4950,Boa constrictor,Consumidor terciario,Boa constrictor,Mutualismo,6,32,1
4951,Águila harpía,Productor,Rana venenosa,Herbivoría,6,37,9
4952,Rana venenosa,Consumidor primario,Rana venenosa,Mutualismo,8,41,5
4953,Hormiga cortadora,Consumidor terciario,Boa constrictor,Descomposición,1,6,9
4954,Mono araña,Descomponedor,Águila harpía,Herbivoría,1,26,9
4955,Anaconda,Consumidor secundario,Venado,Herbivoría,7,39,2
4956,Termitas,Consumidor secundario,Venado,Mutualismo,9,36,1
4957,Boa constrictor,Consumidor primario,Jaguar,Depredación,8,35,3
4958,Anaconda,Consumidor primario,Tucán,Mutualismo,6,25,5
4959,Anaconda,Consumidor terciario,Rana venenosa,Mutualismo,2,23,3
4960,Boa constrictor,Consumidor primario,Boa constrictor,Depredación,8,31,7
4961,Rana venenosa,Productor,Hormiga cortadora,Competencia,2,42,4
4962,Boa constrictor,Descomponedor,Boa constrictor,Herbivoría,9,15,10
4963,Hormiga cortadora,Productor,Jaguar,Depredación,9,21,9
4964,Hormiga cortadora,Descomponedor,Venado,Competencia,10,8,6
4965,Hormiga cortadora,Productor,Tucán,Herbivoría,7,28,4
4966,Hormiga cortadora,Consumidor primario,Mono araña,Depredación,6,6,8
4967,Rana venenosa,Consumidor secundario,Venado,Mutualismo,4,40,3
4968,Águila harpía,Productor,Tucán,Competencia,8,6,7
4969,Tucán,Consumidor terciario,Boa constrictor,Mutualismo,2,31,7
4970,Águila harpía,Descomponedor,Venado,Mutualismo,4,29,2
4971,Tucán,Consumidor primario,Mono araña,Mutualismo,8,36,8
4972,Tucán,Consumidor secundario,Venado,Mutualismo,1,43,6
4973,Anaconda,Descomponedor,Águila harpía,Herbivoría,7,48,9
4974,Termitas,Consumidor terciario,Termitas,Descomposición,10,38,10
4975,Águila harpía,Consumidor primario,Tucán,Depredación,10,4,4
4976,Hormiga cortadora,Descomponedor,Mono araña,Mutualismo,5,30,5
4977,Boa constrictor,Consumidor terciario,Termitas,Descomposición,9,45,9
4978,Mono araña,Productor,Mono araña,Depredación,3,29,4
4979,Hormiga cortadora,Descomponedor,Jaguar,Mutualismo,7,48,6
4980,Boa constrictor,Productor,Boa constrictor,Depredación,4,16,3
4981,Águila harpía,Consumidor primario,Mono araña,Mutualismo,5,6,5
4982,Boa constrictor,Productor,Termitas,Competencia,1,31,10
4983,Rana venenosa,Consumidor secundario,Jaguar,Competencia,3,8,1
4984,Boa constrictor,Productor,Tucán,Depredación,6,18,2
4985,Hormiga cortadora,Consumidor primario,Termitas,Herbivoría,6,25,3
4986,Anaconda,Consumidor primario,Águila harpía,Descomposición,5,19,6
4987,Termitas,Consumidor terciario,Águila harpía,Depredación,9,2,8
4988,Mono araña,Descomponedor,Tucán,Descomposición,3,28,5
4989,Termitas,Consumidor terciario,Jaguar,Herbivoría,7,15,3
4990,Rana venenosa,Consumidor secundario,Águila harpía,Competencia,6,14,6
4991,Águila harpía,Consumidor secundario,Termitas,Competencia,10,19,9
4992,Anaconda,Consumidor primario,Jaguar,Mutualismo,3,14,1
4993,Boa constrictor,Consumidor secundario,Mono araña,Herbivoría,4,49,5
4994,Jaguar,Productor,Mono araña,Descomposición,2,33,5
4995,Anaconda,Descomponedor,Termitas,Competencia,7,17,6
4996,Rana venenosa,Consumidor terciario,Venado,Herbivoría,9,21,3
4997,Hormiga cortadora,Consumidor primario,Anaconda,Depredación,10,35,5
4998,Jaguar,Consumidor secundario,Mono araña,Mutualismo,8,18,1
4999,Venado,Consumidor terciario,Jaguar,Descomposición,7,14,7
5000,Venado,Consumidor secundario,Mono araña,Depredación,10,12,2
5001,Anaconda,Consumidor terciario,Hormiga cortadora,Herbivoría,6,27,6
5002,Boa constrictor,Productor,Termitas,Herbivoría,3,40,7
5003,Hormiga cortadora,Productor,Boa constrictor,Depredación,3,20,7
5004,Águila harpía,Descomponedor,Tucán,Herbivoría,1,50,3
5005,Tucán,Consumidor terciario,Águila harpía,Mutualismo,3,6,2
5006,Boa constrictor,Consumidor terciario,Tucán,Mutualismo,8,36,8
5007,Águila harpía,Descomponedor,Venado,Herbivoría,8,22,2
5008,Termitas,Consumidor secundario,Jaguar,Competencia,7,29,7
5009,Termitas,Descomponedor,Termitas,Descomposición,5,20,8
5010,Venado,Descomponedor,Tucán,Depredación,5,29,3
5011,Mono araña,Consumidor secundario,Boa constrictor,Herbivoría,6,13,6
5012,Boa constrictor,Productor,Hormiga cortadora,Mutualismo,1,14,5
5013,Boa constrictor,Consumidor primario,Termitas,Depredación,7,7,3
5014,Venado,Consumidor secundario,Águila harpía,Descomposición,4,25,3
5015,Mono araña,Descomponedor,Anaconda,Herbivoría,3,3,10
5016,Tucán,Productor,Boa constrictor,Herbivoría,1,21,7
5017,Venado,Productor,Mono araña,Depredación,1,45,8
5018,Jaguar,Consumidor secundario,Termitas,Competencia,10,39,8
5019,Jaguar,Descomponedor,Venado,Descomposición,6,22,3
5020,Rana venenosa,Descomponedor,Hormiga cortadora,Mutualismo,6,30,7
5021,Jaguar,Productor,Boa constrictor,Descomposición,2,14,9
5022,Termitas,Consumidor terciario,Mono araña,Herbivoría,2,25,9
5023,Hormiga cortadora,Productor,Hormiga cortadora,Descomposición,9,4,2
5024,Hormiga cortadora,Consumidor primario,Boa constrictor,Herbivoría,4,50,6
5025,Mono araña,Consumidor primario,Águila harpía,Competencia,4,24,3
5026,Termitas,Consumidor secundario,Hormiga cortadora,Competencia,9,3,1
5027,Hormiga cortadora,Productor,Anaconda,Herbivoría,8,30,1
5028,Jaguar,Consumidor secundario,Hormiga cortadora,Competencia,1,22,10
5029,Venado,Descomponedor,Hormiga cortadora,Depredación,1,13,10
5030,Anaconda,Consumidor terciario,Termitas,Descomposición,5,47,3
5031,Boa constrictor,Consumidor primario,Jaguar,Descomposición,7,20,4
5032,Boa constrictor,Consumidor secundario,Anaconda,Herbivoría,1,17,4
5033,Tucán,Productor,Anaconda,Herbivoría,4,3,4
5034,Rana venenosa,Consumidor terciario,Hormiga cortadora,Depredación,8,17,6
5035,Mono araña,Consumidor secundario,Mono araña,Depredación,1,25,2
5036,Termitas,Descomponedor,Venado,Herbivoría,9,13,2
5037,Boa constrictor,Consumidor primario,Hormiga cortadora,Competencia,5,5,7
5038,Mono araña,Consumidor secundario,Jaguar,Herbivoría,2,45,9
5039,Boa constrictor,Consumidor terciario,Mono araña,Mutualismo,8,8,8
5040,Mono araña,Consumidor terciario,Boa constrictor,Depredación,8,5,10
5041,Mono araña,Consumidor primario,Mono araña,Herbivoría,1,22,5
5042,Termitas,Consumidor primario,Boa constrictor,Depredación,9,42,6
5043,Jaguar,Productor,Hormiga cortadora,Depredación,8,23,7
5044,Hormiga cortadora,Consumidor secundario,Boa constrictor,Herbivoría,9,39,2
5045,Tucán,Consumidor terciario,Jaguar,Competencia,5,36,7
5046,Mono araña,Productor,Termitas,Descomposición,3,24,3
5047,Mono araña,Consumidor secundario,Mono araña,Competencia,6,19,1
5048,Boa constrictor,Descomponedor,Boa constrictor,Herbivoría,3,12,9
5049,Venado,Consumidor secundario,Rana venenosa,Herbivoría,9,19,9
5050,Rana venenosa,Consumidor terciario,Tucán,Descomposición,1,1,8
5051,Anaconda,Consumidor terciario,Águila harpía,Competencia,8,38,6
5052,Jaguar,Consumidor terciario,Águila harpía,Depredación,7,2,4
5053,Mono araña,Consumidor primario,Rana venenosa,Competencia,3,41,10
5054,Venado,Descomponedor,Mono araña,Descomposición,1,43,6
5055,Termitas,Productor,Anaconda,Depredación,1,43,1
5056,Termitas,Consumidor primario,Venado,Descomposición,2,46,8
5057,Mono araña,Consumidor secundario,Boa constrictor,Mutualismo,5,47,2
5058,Anaconda,Consumidor secundario,Hormiga cortadora,Depredación,7,43,7
5059,Águila harpía,Consumidor terciario,Águila harpía,Descomposición,8,39,6
5060,Anaconda,Productor,Jaguar,Descomposición,7,4,6
5061,Tucán,Productor,Mono araña,Herbivoría,3,23,5
5062,Termitas,Descomponedor,Águila harpía,Competencia,4,38,6
5063,Águila harpía,Consumidor secundario,Mono araña,Depredación,3,11,8
5064,Tucán,Productor,Venado,Herbivoría,4,3,10
5065,Boa constrictor,Consumidor secundario,Águila harpía,Descomposición,10,32,1
5066,Mono araña,Descomponedor,Venado,Competencia,6,17,3
5067,Jaguar,Consumidor terciario,Boa constrictor,Herbivoría,7,1,5
5068,Anaconda,Consumidor terciario,Rana venenosa,Competencia,10,27,3
5069,Rana venenosa,Descomponedor,Termitas,Mutualismo,3,2,5
5070,Anaconda,Descomponedor,Águila harpía,Herbivoría,1,30,3
5071,Tucán,Consumidor primario,Hormiga cortadora,Herbivoría,9,36,5
5072,Mono araña,Consumidor primario,Anaconda,Descomposición,3,13,8
5073,Hormiga cortadora,Consumidor terciario,Águila harpía,Herbivoría,3,12,2
5074,Jaguar,Descomponedor,Boa constrictor,Competencia,7,21,4
5075,Tucán,Consumidor secundario,Jaguar,Mutualismo,6,48,6
5076,Hormiga cortadora,Descomponedor,Boa constrictor,Herbivoría,5,40,5
5077,Águila harpía,Descomponedor,Boa constrictor,Herbivoría,9,15,3
5078,Rana venenosa,Productor,Termitas,Mutualismo,1,8,2
5079,Termitas,Consumidor primario,Jaguar,Competencia,4,50,10
5080,Anaconda,Consumidor primario,Jaguar,Herbivoría,7,5,4
5081,Rana venenosa,Consumidor terciario,Rana venenosa,Competencia,1,19,7
5082,Águila harpía,Descomponedor,Anaconda,Mutualismo,7,3,2
5083,Tucán,Productor,Hormiga cortadora,Herbivoría,2,16,3
5084,Venado,Consumidor primario,Jaguar,Descomposición,4,24,3
5085,Venado,Consumidor primario,Tucán,Competencia,1,27,3
5086,Venado,Productor,Tucán,Herbivoría,4,5,5
5087,Anaconda,Consumidor primario,Anaconda,Mutualismo,7,50,9
5088,Tucán,Consumidor primario,Boa constrictor,Herbivoría,8,18,5
5089,Águila harpía,Consumidor primario,Mono araña,Descomposición,8,44,4
5090,Venado,Consumidor terciario,Termitas,Competencia,6,20,3
5091,Hormiga cortadora,Consumidor terciario,Boa constrictor,Descomposición,9,24,8
5092,Termitas,Descomponedor,Tucán,Herbivoría,9,29,7
5093,Hormiga cortadora,Consumidor terciario,Termitas,Descomposición,9,26,6
5094,Jaguar,Productor,Boa constrictor,Herbivoría,3,30,9
5095,Águila harpía,Productor,Anaconda,Competencia,5,19,1
5096,Boa constrictor,Consumidor terciario,Venado,Competencia,1,34,9
5097,Termitas,Consumidor primario,Anaconda,Herbivoría,7,30,3
5098,Termitas,Consumidor primario,Anaconda,Mutualismo,8,32,3
5099,Boa constrictor,Descomponedor,Boa constrictor,Descomposición,2,17,8
5100,Hormiga cortadora,Consumidor primario,Mono araña,Mutualismo,10,29,9
5101,Boa constrictor,Consumidor terciario,Rana venenosa,Mutualismo,1,39,2
5102,Jaguar,Consumidor primario,Jaguar,Mutualismo,6,33,7
5103,Termitas,Descomponedor,Venado,Descomposición,5,46,1
5104,Hormiga cortadora,Consumidor primario,Hormiga cortadora,Herbivoría,8,4,7
5105,Águila harpía,Descomponedor,Tucán,Competencia,4,47,8
5106,Boa constrictor,Consumidor secundario,Hormiga cortadora,Mutualismo,4,7,7
5107,Termitas,Consumidor terciario,Termitas,Depredación,6,16,2
5108,Mono araña,Descomponedor,Rana venenosa,Herbivoría,6,43,3
5109,Anaconda,Consumidor secundario,Venado,Herbivoría,7,45,7
5110,Hormiga cortadora,Consumidor secundario,Venado,Competencia,7,25,5
5111,Tucán,Consumidor primario,Anaconda,Mutualismo,5,41,9
5112,Hormiga cortadora,Productor,Tucán,Herbivoría,3,30,7
5113,Venado,Descomponedor,Venado,Depredación,6,33,6
5114,Jaguar,Productor,Tucán,Herbivoría,1,9,1
5115,Boa constrictor,Consumidor secundario,Hormiga cortadora,Herbivoría,1,25,6
5116,Águila harpía,Productor,Hormiga cortadora,Mutualismo,5,3,9
5117,Venado,Consumidor primario,Venado,Competencia,9,33,1
5118,Hormiga cortadora,Consumidor secundario,Mono araña,Depredación,2,12,10
5119,Tucán,Descomponedor,Tucán,Descomposición,5,47,10
5120,Tucán,Consumidor primario,Mono araña,Depredación,9,24,2
5121,Termitas,Descomponedor,Hormiga cortadora,Descomposición,8,19,10
5122,Jaguar,Productor,Anaconda,Competencia,10,25,2
5123,Hormiga cortadora,Consumidor secundario,Águila harpía,Herbivoría,10,23,5
5124,Jaguar,Consumidor primario,Mono araña,Herbivoría,1,17,3
5125,Rana venenosa,Consumidor secundario,Venado,Descomposición,10,24,3
5126,Boa constrictor,Consumidor secundario,Tucán,Mutualismo,7,22,1
5127,Rana venenosa,Consumidor terciario,Hormiga cortadora,Descomposición,5,11,10
5128,Águila harpía,Descomponedor,Rana venenosa,Depredación,9,38,5
5129,Anaconda,Consumidor terciario,Venado,Herbivoría,7,47,4
5130,Rana venenosa,Productor,Anaconda,Mutualismo,5,18,3
5131,Tucán,Consumidor primario,Águila harpía,Descomposición,8,27,9
5132,Hormiga cortadora,Consumidor terciario,Anaconda,Competencia,2,20,7
5133,Anaconda,Consumidor secundario,Águila harpía,Descomposición,7,19,6
5134,Mono araña,Consumidor terciario,Venado,Herbivoría,4,16,8
5135,Jaguar,Consumidor primario,Boa constrictor,Competencia,4,21,1
5136,Venado,Consumidor secundario,Mono araña,Herbivoría,10,29,9
5137,Mono araña,Descomponedor,Mono araña,Descomposición,5,36,9
5138,Hormiga cortadora,Consumidor primario,Anaconda,Mutualismo,5,33,5
5139,Boa constrictor,Productor,Mono araña,Depredación,5,6,1
5140,Venado,Consumidor secundario,Rana venenosa,Competencia,5,10,8
5141,Hormiga cortadora,Consumidor primario,Termitas,Mutualismo,1,31,3
5142,Mono araña,Consumidor secundario,Venado,Descomposición,6,44,6
5143,Hormiga cortadora,Consumidor secundario,Mono araña,Descomposición,5,7,7
5144,Anaconda,Productor,Boa constrictor,Competencia,8,2,10
5145,Mono araña,Productor,Tucán,Competencia,3,8,1
5146,Venado,Consumidor secundario,Jaguar,Mutualismo,8,15,2
5147,Hormiga cortadora,Descomponedor,Jaguar,Herbivoría,3,6,6
5148,Águila harpía,Consumidor secundario,Jaguar,Mutualismo,1,32,7
5149,Mono araña,Productor,Mono araña,Depredación,4,7,10
5150,Termitas,Consumidor secundario,Termitas,Descomposición,10,29,2
5151,Tucán,Consumidor primario,Venado,Depredación,6,2,4
5152,Águila harpía,Descomponedor,Rana venenosa,Competencia,10,34,6
5153,Hormiga cortadora,Consumidor primario,Termitas,Herbivoría,10,41,10
5154,Boa constrictor,Descomponedor,Hormiga cortadora,Competencia,7,43,9
5155,Boa constrictor,Consumidor secundario,Venado,Descomposición,6,27,2
5156,Venado,Consumidor secundario,Termitas,Descomposición,5,33,6
5157,Jaguar,Productor,Termitas,Descomposición,4,22,7
5158,Águila harpía,Descomponedor,Águila harpía,Competencia,7,39,1
5159,Boa constrictor,Descomponedor,Rana venenosa,Herbivoría,9,6,8
5160,Jaguar,Consumidor terciario,Mono araña,Depredación,8,40,5
5161,Águila harpía,Productor,Hormiga cortadora,Mutualismo,1,21,9
5162,Jaguar,Consumidor secundario,Mono araña,Depredación,8,16,7
5163,Termitas,Descomponedor,Venado,Mutualismo,7,22,1
5164,Águila harpía,Consumidor primario,Termitas,Descomposición,5,14,4
5165,Jaguar,Consumidor terciario,Anaconda,Mutualismo,6,43,6
5166,Venado,Descomponedor,Águila harpía,Mutualismo,5,22,8
5167,Águila harpía,Descomponedor,Venado,Competencia,10,46,6
5168,Mono araña,Consumidor terciario,Anaconda,Mutualismo,2,40,6
5169,Águila harpía,Consumidor primario,Mono araña,Mutualismo,2,30,4
5170,Rana venenosa,Consumidor primario,Venado,Mutualismo,3,25,5
5171,Rana venenosa,Consumidor secundario,Jaguar,Competencia,8,49,8
5172,Mono araña,Consumidor secundario,Águila harpía,Mutualismo,10,42,6
5173,Mono araña,Consumidor secundario,Hormiga cortadora,Descomposición,5,48,4
5174,Rana venenosa,Consumidor terciario,Águila harpía,Herbivoría,4,46,9
5175,Tucán,Consumidor primario,Jaguar,Descomposición,9,7,3
5176,Rana venenosa,Consumidor terciario,Jaguar,Depredación,7,5,1
5177,Anaconda,Consumidor primario,Boa constrictor,Descomposición,3,14,9
5178,Tucán,Consumidor terciario,Termitas,Mutualismo,4,25,1
5179,Jaguar,Consumidor terciario,Rana venenosa,Mutualismo,1,5,4
5180,Tucán,Consumidor primario,Jaguar,Mutualismo,9,29,1
5181,Mono araña,Descomponedor,Tucán,Herbivoría,5,5,4
5182,Águila harpía,Productor,Termitas,Herbivoría,3,7,7
5183,Tucán,Consumidor primario,Rana venenosa,Depredación,9,13,1
5184,Rana venenosa,Consumidor terciario,Termitas,Depredación,6,19,3
5185,Mono araña,Consumidor secundario,Hormiga cortadora,Depredación,5,20,9
5186,Águila harpía,Consumidor terciario,Jaguar,Descomposición,5,1,4
5187,Anaconda,Consumidor terciario,Anaconda,Depredación,4,2,4
5188,Termitas,Productor,Anaconda,Mutualismo,1,38,3
5189,Venado,Descomponedor,Mono araña,Depredación,4,45,4
5190,Anaconda,Productor,Termitas,Descomposición,1,49,8
5191,Hormiga cortadora,Consumidor terciario,Boa constrictor,Herbivoría,9,33,3
5192,Termitas,Productor,Boa constrictor,Competencia,8,37,2
5193,Boa constrictor,Consumidor secundario,Rana venenosa,Competencia,6,29,8
5194,Águila harpía,Productor,Anaconda,Competencia,9,37,7
5195,Venado,Consumidor terciario,Águila harpía,Descomposición,9,46,4
5196,Mono araña,Productor,Águila harpía,Descomposición,10,37,6
5197,Mono araña,Consumidor terciario,Boa constrictor,Competencia,7,19,2
5198,Rana venenosa,Consumidor terciario,Rana venenosa,Depredación,2,27,1
5199,Mono araña,Consumidor secundario,Venado,Mutualismo,2,31,7
5200,Jaguar,Consumidor terciario,Venado,Competencia,7,15,9
5201,Águila harpía,Consumidor secundario,Venado,Descomposición,5,11,4
5202,Mono araña,Consumidor terciario,Mono araña,Depredación,2,44,7
5203,Anaconda,Consumidor terciario,Mono araña,Mutualismo,1,41,5
5204,Venado,Consumidor terciario,Venado,Descomposición,9,40,4
5205,Jaguar,Productor,Hormiga cortadora,Mutualismo,9,43,7
5206,Jaguar,Consumidor secundario,Anaconda,Competencia,5,37,3
5207,Hormiga cortadora,Consumidor terciario,Rana venenosa,Depredación,3,28,6
5208,Termitas,Consumidor terciario,Rana venenosa,Herbivoría,2,46,6
5209,Águila harpía,Consumidor primario,Rana venenosa,Descomposición,10,9,6
5210,Tucán,Productor,Rana venenosa,Competencia,10,21,6
5211,Tucán,Consumidor terciario,Mono araña,Mutualismo,4,31,3
5212,Hormiga cortadora,Consumidor secundario,Jaguar,Competencia,7,24,2
5213,Anaconda,Productor,Boa constrictor,Mutualismo,10,16,9
5214,Venado,Productor,Termitas,Herbivoría,2,11,10
5215,Venado,Consumidor secundario,Boa constrictor,Competencia,3,22,8
5216,Boa constrictor,Consumidor secundario,Anaconda,Descomposición,2,26,10
5217,Mono araña,Consumidor primario,Termitas,Depredación,1,46,5
5218,Hormiga cortadora,Consumidor primario,Rana venenosa,Competencia,2,43,10
5219,Hormiga cortadora,Consumidor primario,Boa constrictor,Competencia,3,28,10
5220,Boa constrictor,Descomponedor,Rana venenosa,Descomposición,3,37,1
5221,Boa constrictor,Consumidor primario,Anaconda,Herbivoría,2,35,9
5222,Águila harpía,Consumidor primario,Águila harpía,Herbivoría,10,42,7
5223,Venado,Descomponedor,Mono araña,Mutualismo,4,1,7
5224,Anaconda,Consumidor secundario,Mono araña,Descomposición,3,35,1
5225,Venado,Consumidor primario,Hormiga cortadora,Descomposición,1,22,1
5226,Mono araña,Consumidor terciario,Tucán,Competencia,4,18,4
5227,Águila harpía,Descomponedor,Águila harpía,Herbivoría,7,44,3
5228,Águila harpía,Consumidor terciario,Venado,Depredación,9,17,10
5229,Mono araña,Descomponedor,Rana venenosa,Descomposición,9,2,2
5230,Mono araña,Descomponedor,Mono araña,Competencia,6,9,9
5231,Anaconda,Consumidor terciario,Mono araña,Depredación,5,17,5
5232,Águila harpía,Consumidor terciario,Mono araña,Mutualismo,5,39,6
5233,Hormiga cortadora,Consumidor terciario,Venado,Mutualismo,4,10,1
5234,Águila harpía,Productor,Jaguar,Herbivoría,1,12,1
5235,Venado,Consumidor terciario,Termitas,Herbivoría,8,25,2
5236,Jaguar,Consumidor terciario,Termitas,Competencia,4,10,9
5237,Venado,Consumidor primario,Rana venenosa,Competencia,2,36,1
5238,Boa constrictor,Productor,Tucán,Mutualismo,10,7,2
5239,Tucán,Descomponedor,Mono araña,Competencia,7,17,6
5240,Anaconda,Consumidor secundario,Venado,Depredación,5,1,3
5241,Mono araña,Consumidor primario,Rana venenosa,Mutualismo,9,35,1
5242,Jaguar,Consumidor secundario,Mono araña,Mutualismo,4,1,2
5243,Jaguar,Consumidor secundario,Mono araña,Depredación,1,5,1
5244,Venado,Consumidor terciario,Jaguar,Competencia,7,36,8
5245,Venado,Consumidor primario,Jaguar,Descomposición,5,13,8
5246,Tucán,Consumidor terciario,Jaguar,Mutualismo,8,39,1
5247,Tucán,Consumidor primario,Venado,Descomposición,9,11,1
5248,Águila harpía,Consumidor primario,Águila harpía,Mutualismo,6,19,4
5249,Termitas,Productor,Águila harpía,Descomposición,2,36,3
5250,Hormiga cortadora,Consumidor primario,Boa constrictor,Herbivoría,6,23,9
5251,Anaconda,Productor,Anaconda,Competencia,5,49,3
5252,Venado,Descomponedor,Rana venenosa,Depredación,1,16,9
5253,Rana venenosa,Consumidor terciario,Venado,Descomposición,4,25,1
5254,Rana venenosa,Consumidor secundario,Jaguar,Mutualismo,10,48,5
5255,Tucán,Descomponedor,Termitas,Herbivoría,10,18,4
5256,Mono araña,Consumidor secundario,Termitas,Depredación,7,6,6
5257,Águila harpía,Consumidor terciario,Anaconda,Competencia,9,12,5
5258,Termitas,Descomponedor,Anaconda,Competencia,6,34,8
5259,Venado,Consumidor terciario,Hormiga cortadora,Mutualismo,8,31,4
5260,Tucán,Consumidor primario,Hormiga cortadora,Herbivoría,3,24,3
5261,Rana venenosa,Consumidor secundario,Venado,Descomposición,4,35,10
5262,Jaguar,Consumidor primario,Hormiga cortadora,Descomposición,7,46,4
5263,Anaconda,Descomponedor,Anaconda,Competencia,2,3,2
5264,Hormiga cortadora,Consumidor secundario,Águila harpía,Herbivoría,9,44,3
5265,Rana venenosa,Consumidor primario,Tucán,Descomposición,8,45,5
5266,Termitas,Consumidor secundario,Venado,Mutualismo,3,30,1
5267,Boa constrictor,Descomponedor,Águila harpía,Competencia,4,4,4
5268,Boa constrictor,Consumidor secundario,Águila harpía,Descomposición,4,33,8
5269,Boa constrictor,Consumidor primario,Tucán,Depredación,3,31,6
5270,Rana venenosa,Productor,Mono araña,Herbivoría,8,40,6
5271,Boa constrictor,Consumidor secundario,Águila harpía,Mutualismo,10,21,2
5272,Hormiga cortadora,Descomponedor,Mono araña,Descomposición,6,28,4
5273,Hormiga cortadora,Productor,Tucán,Descomposición,9,26,10
5274,Boa constrictor,Consumidor primario,Hormiga cortadora,Competencia,6,18,7
5275,Mono araña,Descomponedor,Águila harpía,Herbivoría,1,23,7
5276,Mono araña,Consumidor terciario,Tucán,Mutualismo,7,12,2
5277,Boa constrictor,Consumidor primario,Venado,Mutualismo,10,5,6
5278,Mono araña,Productor,Venado,Competencia,3,2,3
5279,Termitas,Productor,Boa constrictor,Descomposición,2,5,8
5280,Hormiga cortadora,Descomponedor,Tucán,Mutualismo,3,44,4
5281,Anaconda,Consumidor secundario,Águila harpía,Descomposición,6,34,7
5282,Tucán,Consumidor secundario,Jaguar,Descomposición,7,14,6
5283,Tucán,Consumidor primario,Jaguar,Descomposición,6,2,4
5284,Rana venenosa,Consumidor primario,Rana venenosa,Competencia,3,11,4
5285,Rana venenosa,Consumidor terciario,Jaguar,Descomposición,7,24,8
5286,Jaguar,Consumidor secundario,Rana venenosa,Mutualismo,8,27,6
5287,Termitas,Consumidor primario,Hormiga cortadora,Mutualismo,5,40,8
5288,Termitas,Consumidor primario,Tucán,Herbivoría,3,8,9
5289,Anaconda,Consumidor primario,Termitas,Competencia,3,14,10
5290,Águila harpía,Consumidor primario,Boa constrictor,Mutualismo,5,37,2
5291,Mono araña,Consumidor terciario,Águila harpía,Descomposición,5,10,3
5292,Águila harpía,Consumidor primario,Hormiga cortadora,Herbivoría,1,48,8
5293,Tucán,Productor,Boa constrictor,Herbivoría,6,38,3
5294,Hormiga cortadora,Consumidor primario,Boa constrictor,Competencia,7,4,8
5295,Tucán,Consumidor secundario,Mono araña,Herbivoría,1,44,7
5296,Venado,Consumidor primario,Mono araña,Mutualismo,2,46,10
5297,Jaguar,Consumidor secundario,Tucán,Depredación,1,29,8
5298,Hormiga cortadora,Productor,Tucán,Descomposición,7,16,7
5299,Águila harpía,Descomponedor,Mono araña,Herbivoría,4,33,4
5300,Tucán,Consumidor secundario,Boa constrictor,Mutualismo,7,48,7
5301,Boa constrictor,Descomponedor,Mono araña,Competencia,3,33,4
5302,Águila harpía,Consumidor secundario,Boa constrictor,Herbivoría,7,31,10
5303,Termitas,Descomponedor,Boa constrictor,Herbivoría,10,39,3
5304,Rana venenosa,Consumidor terciario,Rana venenosa,Mutualismo,10,9,7
5305,Tucán,Consumidor terciario,Rana venenosa,Mutualismo,1,24,8
5306,Hormiga cortadora,Consumidor secundario,Águila harpía,Mutualismo,10,49,3
5307,Venado,Consumidor secundario,Termitas,Depredación,10,24,6
5308,Termitas,Descomponedor,Boa constrictor,Competencia,9,40,3
5309,Águila harpía,Consumidor terciario,Hormiga cortadora,Herbivoría,2,25,9
5310,Mono araña,Descomponedor,Hormiga cortadora,Depredación,9,39,2
5311,Anaconda,Consumidor primario,Anaconda,Mutualismo,10,1,10
5312,Mono araña,Productor,Anaconda,Depredación,1,21,8
5313,Tucán,Descomponedor,Rana venenosa,Mutualismo,2,26,4
5314,Águila harpía,Consumidor secundario,Boa constrictor,Competencia,8,18,8
5315,Águila harpía,Consumidor primario,Mono araña,Herbivoría,6,4,3
5316,Hormiga cortadora,Descomponedor,Águila harpía,Descomposición,1,17,7
5317,Hormiga cortadora,Consumidor secundario,Venado,Descomposición,8,9,10
5318,Boa constrictor,Consumidor terciario,Rana venenosa,Descomposición,7,40,7
5319,Tucán,Productor,Hormiga cortadora,Descomposición,8,24,1
5320,Águila harpía,Descomponedor,Venado,Herbivoría,9,5,5
5321,Termitas,Consumidor secundario,Águila harpía,Depredación,2,30,5
5322,Termitas,Consumidor secundario,Termitas,Herbivoría,9,36,9
5323,Boa constrictor,Productor,Rana venenosa,Depredación,2,42,2
5324,Jaguar,Consumidor terciario,Hormiga cortadora,Mutualismo,3,1,1
5325,Mono araña,Consumidor terciario,Mono araña,Depredación,5,6,7
5326,Venado,Consumidor secundario,Hormiga cortadora,Depredación,3,27,4
5327,Tucán,Consumidor primario,Rana venenosa,Descomposición,2,20,1
5328,Venado,Consumidor primario,Rana venenosa,Mutualismo,8,23,1
5329,Rana venenosa,Consumidor primario,Tucán,Descomposición,3,31,10
5330,Anaconda,Productor,Boa constrictor,Depredación,6,19,4
5331,Rana venenosa,Consumidor primario,Mono araña,Herbivoría,2,3,10
5332,Águila harpía,Consumidor primario,Tucán,Depredación,6,11,8
5333,Águila harpía,Descomponedor,Rana venenosa,Competencia,2,50,5
5334,Águila harpía,Consumidor secundario,Mono araña,Competencia,7,49,2
5335,Hormiga cortadora,Productor,Termitas,Competencia,9,10,9
5336,Tucán,Descomponedor,Jaguar,Herbivoría,5,7,9
5337,Boa constrictor,Productor,Anaconda,Competencia,2,6,1
5338,Rana venenosa,Productor,Tucán,Herbivoría,7,49,3
5339,Mono araña,Consumidor terciario,Venado,Mutualismo,4,18,6
5340,Águila harpía,Consumidor secundario,Jaguar,Competencia,8,28,3
5341,Venado,Productor,Rana venenosa,Descomposición,2,15,10
5342,Venado,Consumidor terciario,Boa constrictor,Herbivoría,4,4,1
5343,Tucán,Productor,Anaconda,Depredación,6,31,3
5344,Tucán,Consumidor primario,Rana venenosa,Depredación,9,30,7
5345,Termitas,Descomponedor,Mono araña,Mutualismo,10,21,3
5346,Rana venenosa,Consumidor terciario,Boa constrictor,Competencia,9,38,8
5347,Tucán,Consumidor secundario,Águila harpía,Herbivoría,4,10,5
5348,Boa constrictor,Consumidor terciario,Venado,Herbivoría,10,5,8
5349,Termitas,Consumidor terciario,Rana venenosa,Descomposición,8,44,5
5350,Rana venenosa,Descomponedor,Boa constrictor,Depredación,4,16,2
5351,Hormiga cortadora,Consumidor secundario,Anaconda,Competencia,10,4,7
5352,Venado,Consumidor secundario,Venado,Mutualismo,1,24,6
5353,Termitas,Consumidor secundario,Águila harpía,Herbivoría,3,32,7
5354,Boa constrictor,Descomponedor,Venado,Depredación,3,50,6
5355,Termitas,Consumidor primario,Mono araña,Mutualismo,10,20,8
5356,Tucán,Consumidor secundario,Rana venenosa,Competencia,4,34,3
5357,Tucán,Descomponedor,Águila harpía,Competencia,7,35,3
5358,Tucán,Consumidor primario,Rana venenosa,Mutualismo,1,48,7
5359,Tucán,Consumidor secundario,Rana venenosa,Herbivoría,5,40,5
5360,Anaconda,Consumidor primario,Boa constrictor,Competencia,6,17,9
5361,Venado,Consumidor secundario,Mono araña,Descomposición,5,4,8
5362,Anaconda,Consumidor primario,Águila harpía,Herbivoría,4,50,5
5363,Anaconda,Consumidor secundario,Termitas,Depredación,4,14,6
5364,Termitas,Productor,Boa constrictor,Descomposición,9,13,1
5365,Termitas,Descomponedor,Jaguar,Mutualismo,1,2,1
5366,Mono araña,Productor,Rana venenosa,Competencia,1,6,8
5367,Jaguar,Consumidor terciario,Termitas,Competencia,4,32,1
5368,Anaconda,Consumidor secundario,Boa constrictor,Competencia,8,14,3
5369,Águila harpía,Descomponedor,Mono araña,Herbivoría,9,47,9
5370,Rana venenosa,Consumidor terciario,Tucán,Mutualismo,9,34,2
5371,Águila harpía,Consumidor primario,Hormiga cortadora,Mutualismo,3,35,8
5372,Hormiga cortadora,Consumidor secundario,Termitas,Depredación,4,39,9
5373,Águila harpía,Consumidor terciario,Boa constrictor,Descomposición,9,17,1
5374,Hormiga cortadora,Productor,Anaconda,Herbivoría,1,11,9
5375,Jaguar,Descomponedor,Anaconda,Herbivoría,7,3,2
5376,Tucán,Productor,Hormiga cortadora,Mutualismo,5,5,6
5377,Anaconda,Productor,Termitas,Depredación,7,3,2
5378,Águila harpía,Productor,Anaconda,Herbivoría,2,30,2
5379,Tucán,Descomponedor,Jaguar,Mutualismo,5,6,5
5380,Venado,Descomponedor,Anaconda,Depredación,1,1,1
5381,Termitas,Descomponedor,Venado,Descomposición,4,46,8
5382,Anaconda,Descomponedor,Tucán,Descomposición,8,5,9
5383,Tucán,Consumidor secundario,Boa constrictor,Mutualismo,1,45,9
5384,Hormiga cortadora,Consumidor terciario,Jaguar,Descomposición,1,15,5
5385,Venado,Consumidor secundario,Termitas,Competencia,10,8,3
5386,Rana venenosa,Consumidor terciario,Tucán,Competencia,10,40,8
5387,Jaguar,Consumidor secundario,Venado,Descomposición,3,35,2
5388,Termitas,Consumidor terciario,Tucán,Herbivoría,2,5,2
5389,Boa constrictor,Descomponedor,Mono araña,Descomposición,8,8,6
5390,Tucán,Consumidor primario,Venado,Descomposición,7,47,9
5391,Rana venenosa,Consumidor primario,Águila harpía,Mutualismo,4,16,5
5392,Termitas,Descomponedor,Tucán,Mutualismo,1,5,5
5393,Mono araña,Consumidor terciario,Águila harpía,Herbivoría,3,35,3
5394,Mono araña,Consumidor terciario,Mono araña,Depredación,5,29,8
5395,Jaguar,Consumidor primario,Águila harpía,Herbivoría,9,17,2
5396,Mono araña,Productor,Termitas,Competencia,6,8,7
5397,Boa constrictor,Consumidor primario,Águila harpía,Mutualismo,9,15,3
5398,Tucán,Consumidor secundario,Anaconda,Mutualismo,4,43,6
5399,Anaconda,Descomponedor,Tucán,Herbivoría,9,22,1
5400,Águila harpía,Consumidor primario,Anaconda,Herbivoría,5,15,2
5401,Rana venenosa,Descomponedor,Hormiga cortadora,Depredación,4,34,8
5402,Mono araña,Descomponedor,Venado,Depredación,2,49,4
5403,Rana venenosa,Consumidor secundario,Tucán,Mutualismo,8,50,2
5404,Venado,Descomponedor,Águila harpía,Competencia,4,47,9
5405,Águila harpía,Consumidor primario,Jaguar,Competencia,5,24,9
5406,Águila harpía,Consumidor primario,Venado,Competencia,9,16,6
5407,Boa constrictor,Consumidor terciario,Anaconda,Depredación,2,34,8
5408,Águila harpía,Consumidor terciario,Boa constrictor,Depredación,5,28,8
5409,Águila harpía,Consumidor secundario,Jaguar,Descomposición,9,9,8
5410,Boa constrictor,Consumidor secundario,Águila harpía,Herbivoría,4,44,3
5411,Jaguar,Descomponedor,Venado,Mutualismo,6,16,4
5412,Termitas,Consumidor secundario,Águila harpía,Descomposición,4,11,10
5413,Venado,Productor,Hormiga cortadora,Depredación,5,29,1
5414,Venado,Consumidor secundario,Tucán,Descomposición,1,34,4
5415,Hormiga cortadora,Consumidor terciario,Mono araña,Descomposición,4,44,2
5416,Venado,Productor,Mono araña,Mutualismo,2,1,8
5417,Tucán,Productor,Jaguar,Herbivoría,4,5,10
5418,Rana venenosa,Consumidor secundario,Boa constrictor,Mutualismo,10,37,5
5419,Mono araña,Descomponedor,Mono araña,Descomposición,7,25,5
5420,Termitas,Consumidor terciario,Águila harpía,Depredación,10,23,10
5421,Boa constrictor,Consumidor secundario,Jaguar,Depredación,8,37,1
5422,Jaguar,Consumidor secundario,Jaguar,Herbivoría,2,16,5
5423,Termitas,Consumidor secundario,Águila harpía,Herbivoría,9,49,5
5424,Venado,Descomponedor,Anaconda,Competencia,9,42,1
5425,Tucán,Descomponedor,Águila harpía,Depredación,3,4,2
5426,Venado,Descomponedor,Rana venenosa,Competencia,10,22,3
5427,Jaguar,Consumidor secundario,Boa constrictor,Herbivoría,3,50,9
5428,Hormiga cortadora,Consumidor terciario,Jaguar,Herbivoría,8,50,3
5429,Hormiga cortadora,Productor,Venado,Herbivoría,4,41,3
5430,Águila harpía,Consumidor secundario,Rana venenosa,Herbivoría,8,3,7
5431,Mono araña,Consumidor terciario,Venado,Depredación,6,42,6
5432,Boa constrictor,Consumidor primario,Anaconda,Descomposición,10,17,6
5433,Termitas,Productor,Anaconda,Mutualismo,1,34,9
5434,Mono araña,Consumidor terciario,Jaguar,Mutualismo,5,45,6
5435,Jaguar,Consumidor primario,Mono araña,Descomposición,2,20,5
5436,Águila harpía,Consumidor terciario,Hormiga cortadora,Mutualismo,10,19,10
5437,Tucán,Consumidor primario,Rana venenosa,Depredación,4,49,7
5438,Jaguar,Descomponedor,Águila harpía,Mutualismo,6,42,9
5439,Rana venenosa,Productor,Anaconda,Depredación,10,12,7
5440,Termitas,Consumidor primario,Águila harpía,Herbivoría,4,11,10
5441,Anaconda,Consumidor terciario,Rana venenosa,Competencia,2,1,5
5442,Anaconda,Descomponedor,Venado,Competencia,5,11,10
5443,Venado,Consumidor secundario,Águila harpía,Mutualismo,10,32,4
5444,Venado,Descomponedor,Venado,Descomposición,7,50,2
5445,Termitas,Consumidor terciario,Venado,Competencia,10,36,9
5446,Jaguar,Consumidor terciario,Jaguar,Depredación,4,41,9
5447,Anaconda,Productor,Jaguar,Herbivoría,10,17,9
5448,Termitas,Descomponedor,Termitas,Herbivoría,6,26,10
5449,Anaconda,Productor,Tucán,Competencia,2,5,10
5450,Mono araña,Consumidor primario,Boa constrictor,Mutualismo,2,19,2
5451,Termitas,Consumidor secundario,Tucán,Competencia,9,50,1
5452,Tucán,Descomponedor,Hormiga cortadora,Descomposición,4,10,9
5453,Anaconda,Consumidor terciario,Anaconda,Depredación,5,44,8
5454,Águila harpía,Productor,Termitas,Competencia,5,27,9
5455,Termitas,Productor,Mono araña,Herbivoría,5,33,8
5456,Hormiga cortadora,Productor,Jaguar,Herbivoría,9,33,4
5457,Jaguar,Consumidor terciario,Tucán,Herbivoría,10,50,9
5458,Mono araña,Consumidor secundario,Hormiga cortadora,Depredación,10,6,3
5459,Tucán,Consumidor terciario,Rana venenosa,Depredación,3,19,3
5460,Termitas,Consumidor terciario,Venado,Descomposición,7,41,5
5461,Boa constrictor,Consumidor terciario,Venado,Mutualismo,6,47,6
5462,Águila harpía,Consumidor primario,Rana venenosa,Competencia,5,21,2
5463,Mono araña,Descomponedor,Boa constrictor,Mutualismo,6,23,8
5464,Boa constrictor,Consumidor terciario,Anaconda,Descomposición,9,5,4
5465,Tucán,Consumidor terciario,Tucán,Descomposición,3,34,5
5466,Anaconda,Descomponedor,Anaconda,Descomposición,3,24,10
5467,Boa constrictor,Consumidor primario,Venado,Mutualismo,9,48,9
5468,Rana venenosa,Productor,Anaconda,Descomposición,4,36,6
5469,Boa constrictor,Descomponedor,Mono araña,Depredación,3,17,2
5470,Venado,Descomponedor,Termitas,Depredación,9,30,8
5471,Venado,Consumidor secundario,Jaguar,Depredación,9,42,1
5472,Rana venenosa,Consumidor secundario,Jaguar,Mutualismo,4,30,4
5473,Águila harpía,Descomponedor,Rana venenosa,Competencia,10,42,9
5474,Tucán,Consumidor terciario,Rana venenosa,Depredación,6,40,7
5475,Jaguar,Productor,Águila harpía,Mutualismo,8,27,3
5476,Boa constrictor,Consumidor terciario,Anaconda,Herbivoría,4,12,7
5477,Hormiga cortadora,Descomponedor,Tucán,Depredación,4,27,10
5478,Águila harpía,Descomponedor,Jaguar,Mutualismo,10,49,4
5479,Mono araña,Consumidor secundario,Tucán,Descomposición,10,44,9
5480,Jaguar,Consumidor secundario,Águila harpía,Depredación,3,29,5
5481,Hormiga cortadora,Productor,Jaguar,Depredación,7,3,2
5482,Venado,Descomponedor,Mono araña,Competencia,3,45,5
5483,Venado,Consumidor secundario,Anaconda,Descomposición,2,3,6
5484,Boa constrictor,Consumidor secundario,Águila harpía,Herbivoría,10,31,3
5485,Tucán,Consumidor terciario,Jaguar,Mutualismo,2,28,7
5486,Jaguar,Consumidor terciario,Tucán,Herbivoría,5,22,4
5487,Tucán,Productor,Hormiga cortadora,Descomposición,9,7,6
5488,Mono araña,Descomponedor,Jaguar,Herbivoría,9,26,10
5489,Águila harpía,Productor,Anaconda,Descomposición,3,29,5
5490,Mono araña,Consumidor secundario,Rana venenosa,Depredación,6,18,4
5491,Tucán,Consumidor secundario,Termitas,Herbivoría,9,4,4
5492,Boa constrictor,Descomponedor,Venado,Herbivoría,4,25,6
5493,Venado,Consumidor secundario,Anaconda,Mutualismo,5,2,5
5494,Hormiga cortadora,Consumidor terciario,Mono araña,Descomposición,8,35,9
5495,Rana venenosa,Consumidor primario,Boa constrictor,Mutualismo,2,21,7
5496,Tucán,Consumidor terciario,Venado,Herbivoría,2,50,5
5497,Tucán,Descomponedor,Tucán,Competencia,1,12,10
5498,Venado,Productor,Venado,Depredación,4,31,2
5499,Jaguar,Consumidor secundario,Anaconda,Competencia,9,23,4
5500,Mono araña,Consumidor terciario,Boa constrictor,Depredación,1,42,5
5501,Tucán,Consumidor secundario,Jaguar,Descomposición,9,37,5
5502,Venado,Consumidor terciario,Boa constrictor,Depredación,4,36,5
5503,Rana venenosa,Consumidor terciario,Venado,Competencia,10,17,5
5504,Anaconda,Descomponedor,Termitas,Competencia,9,21,5
5505,Tucán,Consumidor primario,Jaguar,Mutualismo,9,22,9
5506,Anaconda,Consumidor terciario,Venado,Herbivoría,10,19,7
5507,Venado,Descomponedor,Mono araña,Herbivoría,3,34,7
5508,Anaconda,Productor,Boa constrictor,Depredación,10,45,7
5509,Águila harpía,Consumidor secundario,Hormiga cortadora,Mutualismo,7,36,2
5510,Termitas,Productor,Rana venenosa,Herbivoría,8,11,2
5511,Venado,Consumidor terciario,Termitas,Competencia,7,36,6
5512,Águila harpía,Consumidor terciario,Anaconda,Descomposición,2,16,9
5513,Anaconda,Consumidor terciario,Tucán,Depredación,7,9,10
5514,Venado,Consumidor terciario,Termitas,Herbivoría,3,48,8
5515,Venado,Consumidor primario,Boa constrictor,Descomposición,9,17,5
5516,Venado,Consumidor primario,Anaconda,Depredación,4,14,10
5517,Jaguar,Consumidor terciario,Hormiga cortadora,Depredación,1,2,4
5518,Anaconda,Descomponedor,Tucán,Descomposición,7,10,1
5519,Anaconda,Consumidor secundario,Mono araña,Mutualismo,5,14,10
5520,Venado,Consumidor terciario,Jaguar,Competencia,5,5,10
5521,Termitas,Consumidor primario,Águila harpía,Depredación,10,25,6
5522,Venado,Consumidor secundario,Boa constrictor,Mutualismo,3,25,10
5523,Mono araña,Consumidor primario,Anaconda,Depredación,2,44,5
5524,Boa constrictor,Consumidor primario,Hormiga cortadora,Descomposición,7,27,5
5525,Venado,Consumidor secundario,Termitas,Herbivoría,9,30,4
5526,Boa constrictor,Consumidor terciario,Termitas,Descomposición,1,2,1
5527,Mono araña,Descomponedor,Mono araña,Competencia,5,14,1
5528,Termitas,Productor,Rana venenosa,Mutualismo,7,23,6
5529,Termitas,Consumidor terciario,Mono araña,Descomposición,7,44,6
5530,Termitas,Descomponedor,Águila harpía,Mutualismo,3,22,4
5531,Anaconda,Consumidor terciario,Jaguar,Competencia,8,20,7
5532,Venado,Productor,Hormiga cortadora,Depredación,4,43,7
5533,Anaconda,Consumidor secundario,Termitas,Descomposición,3,39,10
5534,Hormiga cortadora,Consumidor terciario,Anaconda,Descomposición,1,9,5
5535,Venado,Consumidor secundario,Anaconda,Herbivoría,6,24,6
5536,Anaconda,Consumidor terciario,Boa constrictor,Depredación,8,47,1
5537,Águila harpía,Descomponedor,Termitas,Descomposición,7,20,9
5538,Anaconda,Consumidor terciario,Venado,Competencia,5,4,9
5539,Mono araña,Productor,Venado,Descomposición,8,50,7
5540,Boa constrictor,Consumidor primario,Tucán,Mutualismo,4,20,2
5541,Tucán,Descomponedor,Hormiga cortadora,Descomposición,9,37,5
5542,Hormiga cortadora,Productor,Hormiga cortadora,Herbivoría,3,5,8
5543,Rana venenosa,Consumidor secundario,Águila harpía,Depredación,3,7,6
5544,Hormiga cortadora,Productor,Rana venenosa,Descomposición,5,3,4
5545,Boa constrictor,Consumidor secundario,Jaguar,Descomposición,6,14,7
5546,Venado,Descomponedor,Rana venenosa,Mutualismo,8,3,9
5547,Jaguar,Consumidor secundario,Venado,Descomposición,4,17,9
5548,Mono araña,Consumidor terciario,Termitas,Descomposición,3,43,3
5549,Mono araña,Productor,Rana venenosa,Mutualismo,4,32,10
5550,Rana venenosa,Consumidor terciario,Águila harpía,Depredación,3,38,7
5551,Rana venenosa,Consumidor primario,Jaguar,Mutualismo,4,28,6
5552,Águila harpía,Consumidor terciario,Termitas,Herbivoría,8,34,9
5553,Venado,Productor,Venado,Depredación,8,27,9
5554,Hormiga cortadora,Consumidor secundario,Boa constrictor,Herbivoría,7,13,7
5555,Boa constrictor,Descomponedor,Tucán,Depredación,3,35,3
5556,Boa constrictor,Consumidor secundario,Anaconda,Mutualismo,10,36,1
5557,Venado,Descomponedor,Jaguar,Mutualismo,1,39,8
5558,Mono araña,Consumidor secundario,Mono araña,Herbivoría,4,31,9
5559,Jaguar,Consumidor secundario,Boa constrictor,Herbivoría,10,36,2
5560,Anaconda,Descomponedor,Hormiga cortadora,Depredación,7,49,4
5561,Mono araña,Descomponedor,Rana venenosa,Competencia,9,21,5
5562,Rana venenosa,Productor,Mono araña,Depredación,6,49,6
5563,Águila harpía,Consumidor secundario,Hormiga cortadora,Depredación,1,47,5
5564,Termitas,Consumidor secundario,Anaconda,Herbivoría,6,46,10
5565,Anaconda,Consumidor terciario,Boa constrictor,Competencia,3,26,6
5566,Boa constrictor,Productor,Águila harpía,Herbivoría,5,26,4
5567,Jaguar,Consumidor terciario,Tucán,Mutualismo,6,47,4
5568,Mono araña,Consumidor primario,Anaconda,Depredación,10,35,6
5569,Tucán,Productor,Tucán,Depredación,9,25,1
5570,Boa constrictor,Descomponedor,Boa constrictor,Herbivoría,10,26,5
5571,Boa constrictor,Consumidor primario,Mono araña,Herbivoría,5,33,7
5572,Termitas,Consumidor primario,Boa constrictor,Depredación,7,3,8
5573,Rana venenosa,Consumidor secundario,Termitas,Descomposición,3,20,9
5574,Tucán,Consumidor secundario,Águila harpía,Mutualismo,2,2,10
5575,Boa constrictor,Descomponedor,Rana venenosa,Herbivoría,6,5,8
5576,Águila harpía,Consumidor terciario,Águila harpía,Descomposición,3,12,6
5577,Hormiga cortadora,Consumidor terciario,Anaconda,Depredación,10,24,4
5578,Mono araña,Productor,Águila harpía,Descomposición,2,48,8
5579,Águila harpía,Consumidor terciario,Venado,Competencia,1,21,1
5580,Águila harpía,Descomponedor,Tucán,Competencia,1,3,6
5581,Águila harpía,Descomponedor,Hormiga cortadora,Descomposición,4,9,8
5582,Tucán,Descomponedor,Rana venenosa,Herbivoría,2,2,2
5583,Boa constrictor,Consumidor terciario,Boa constrictor,Depredación,2,21,3
5584,Termitas,Consumidor terciario,Venado,Descomposición,7,38,1
5585,Termitas,Descomponedor,Boa constrictor,Mutualismo,4,41,9
5586,Águila harpía,Consumidor primario,Águila harpía,Competencia,7,16,8
5587,Jaguar,Descomponedor,Anaconda,Descomposición,9,48,1
5588,Boa constrictor,Consumidor secundario,Águila harpía,Mutualismo,8,45,2
5589,Hormiga cortadora,Consumidor secundario,Jaguar,Mutualismo,3,2,5
5590,Tucán,Consumidor terciario,Águila harpía,Mutualismo,3,2,8
5591,Águila harpía,Consumidor primario,Anaconda,Mutualismo,10,24,5
5592,Tucán,Productor,Jaguar,Descomposición,8,3,9
5593,Hormiga cortadora,Descomponedor,Hormiga cortadora,Descomposición,6,14,9
5594,Rana venenosa,Consumidor terciario,Termitas,Descomposición,5,12,6
5595,Jaguar,Consumidor primario,Venado,Descomposición,10,12,9
5596,Anaconda,Consumidor secundario,Jaguar,Descomposición,10,46,6
5597,Boa constrictor,Descomponedor,Jaguar,Descomposición,10,15,7
5598,Águila harpía,Consumidor primario,Termitas,Herbivoría,6,14,8
5599,Jaguar,Consumidor primario,Boa constrictor,Competencia,3,1,2
5600,Anaconda,Productor,Termitas,Descomposición,2,44,3
5601,Águila harpía,Descomponedor,Venado,Descomposición,2,38,7
5602,Jaguar,Descomponedor,Termitas,Mutualismo,2,15,1
5603,Termitas,Consumidor primario,Tucán,Herbivoría,10,50,9
5604,Águila harpía,Productor,Termitas,Herbivoría,2,9,5
5605,Boa constrictor,Consumidor primario,Águila harpía,Depredación,4,41,2
5606,Termitas,Consumidor secundario,Hormiga cortadora,Descomposición,9,8,1
5607,Termitas,Consumidor secundario,Anaconda,Descomposición,3,40,10
5608,Termitas,Consumidor terciario,Águila harpía,Descomposición,7,5,8
5609,Jaguar,Consumidor secundario,Rana venenosa,Descomposición,2,9,8
5610,Águila harpía,Consumidor terciario,Hormiga cortadora,Herbivoría,10,39,7
5611,Rana venenosa,Consumidor terciario,Jaguar,Competencia,9,18,5
5612,Mono araña,Consumidor terciario,Águila harpía,Mutualismo,3,1,5
5613,Tucán,Consumidor terciario,Boa constrictor,Herbivoría,8,19,1
5614,Jaguar,Consumidor terciario,Termitas,Depredación,1,26,1
5615,Venado,Consumidor primario,Jaguar,Herbivoría,8,8,7
5616,Venado,Descomponedor,Mono araña,Competencia,8,21,8
5617,Jaguar,Productor,Rana venenosa,Mutualismo,10,7,8
5618,Tucán,Consumidor secundario,Mono araña,Depredación,8,50,6
5619,Venado,Descomponedor,Anaconda,Mutualismo,1,36,3
5620,Hormiga cortadora,Productor,Boa constrictor,Descomposición,5,29,5
5621,Hormiga cortadora,Descomponedor,Tucán,Mutualismo,1,28,6
5622,Jaguar,Descomponedor,Tucán,Descomposición,7,3,6
5623,Tucán,Descomponedor,Anaconda,Descomposición,8,29,4
5624,Venado,Productor,Anaconda,Competencia,1,7,2
5625,Termitas,Consumidor secundario,Tucán,Herbivoría,4,41,7
5626,Rana venenosa,Consumidor terciario,Boa constrictor,Depredación,5,9,8
5627,Rana venenosa,Consumidor terciario,Jaguar,Depredación,4,42,6
5628,Jaguar,Consumidor secundario,Rana venenosa,Descomposición,3,31,3
5629,Rana venenosa,Consumidor terciario,Rana venenosa,Mutualismo,7,26,7
5630,Hormiga cortadora,Descomponedor,Venado,Depredación,9,19,3
5631,Águila harpía,Consumidor primario,Venado,Mutualismo,4,7,7
5632,Anaconda,Descomponedor,Rana venenosa,Depredación,6,2,7
5633,Venado,Consumidor primario,Jaguar,Mutualismo,10,7,6
5634,Tucán,Consumidor secundario,Rana venenosa,Mutualismo,9,39,3
5635,Hormiga cortadora,Productor,Venado,Mutualismo,2,9,8
5636,Jaguar,Productor,Anaconda,Depredación,2,4,4
5637,Jaguar,Descomponedor,Boa constrictor,Mutualismo,6,14,5
5638,Venado,Consumidor primario,Tucán,Competencia,10,38,8
5639,Jaguar,Productor,Hormiga cortadora,Mutualismo,4,17,10
5640,Jaguar,Descomponedor,Jaguar,Descomposición,5,27,2
5641,Anaconda,Consumidor terciario,Hormiga cortadora,Descomposición,1,20,9
5642,Venado,Productor,Anaconda,Competencia,1,42,7
5643,Tucán,Productor,Mono araña,Competencia,2,1,9
5644,Boa constrictor,Consumidor primario,Tucán,Descomposición,10,39,7
5645,Venado,Descomponedor,Hormiga cortadora,Competencia,7,28,7
5646,Jaguar,Consumidor terciario,Hormiga cortadora,Depredación,1,2,5
5647,Boa constrictor,Descomponedor,Anaconda,Depredación,7,34,9
5648,Rana venenosa,Consumidor secundario,Águila harpía,Herbivoría,10,10,6
5649,Boa constrictor,Consumidor terciario,Mono araña,Competencia,1,20,7
5650,Hormiga cortadora,Consumidor terciario,Jaguar,Competencia,3,3,1
5651,Rana venenosa,Consumidor primario,Rana venenosa,Competencia,4,20,8
5652,Anaconda,Consumidor terciario,Boa constrictor,Depredación,2,8,1
5653,Boa constrictor,Consumidor terciario,Termitas,Mutualismo,2,38,8
5654,Venado,Descomponedor,Mono araña,Descomposición,6,1,8
5655,Boa constrictor,Consumidor primario,Jaguar,Competencia,2,15,5
5656,Hormiga cortadora,Consumidor secundario,Boa constrictor,Competencia,4,15,6
5657,Mono araña,Consumidor primario,Boa constrictor,Competencia,4,29,9
5658,Venado,Descomponedor,Rana venenosa,Competencia,5,29,4
5659,Boa constrictor,Consumidor primario,Boa constrictor,Descomposición,3,30,2
5660,Venado,Consumidor terciario,Rana venenosa,Mutualismo,7,20,9
5661,Hormiga cortadora,Productor,Águila harpía,Mutualismo,9,30,1
5662,Mono araña,Consumidor terciario,Águila harpía,Competencia,6,49,4
5663,Venado,Consumidor terciario,Mono araña,Competencia,3,22,10
5664,Termitas,Productor,Venado,Mutualismo,2,47,3
5665,Rana venenosa,Consumidor secundario,Anaconda,Descomposición,6,46,3
5666,Anaconda,Productor,Venado,Mutualismo,6,28,4
5667,Boa constrictor,Consumidor terciario,Tucán,Competencia,8,5,1
5668,Venado,Consumidor terciario,Tucán,Competencia,9,45,8
5669,Mono araña,Consumidor secundario,Hormiga cortadora,Depredación,2,26,4
5670,Hormiga cortadora,Consumidor terciario,Tucán,Competencia,8,48,6
5671,Hormiga cortadora,Descomponedor,Águila harpía,Descomposición,9,18,6
5672,Mono araña,Descomponedor,Anaconda,Competencia,3,28,8
5673,Tucán,Descomponedor,Águila harpía,Descomposición,3,17,3
5674,Boa constrictor,Productor,Hormiga cortadora,Descomposición,4,15,1
5675,Termitas,Consumidor secundario,Mono araña,Herbivoría,2,3,1
5676,Boa constrictor,Descomponedor,Rana venenosa,Descomposición,5,38,2
5677,Mono araña,Consumidor secundario,Águila harpía,Descomposición,7,38,1
5678,Boa constrictor,Consumidor primario,Águila harpía,Descomposición,7,1,2
5679,Jaguar,Descomponedor,Anaconda,Competencia,1,29,5
5680,Hormiga cortadora,Productor,Mono araña,Competencia,3,34,5
5681,Tucán,Consumidor primario,Águila harpía,Competencia,6,45,5
5682,Rana venenosa,Consumidor secundario,Termitas,Competencia,9,22,2
5683,Rana venenosa,Productor,Hormiga cortadora,Depredación,9,21,1
5684,Águila harpía,Consumidor terciario,Venado,Depredación,4,4,9
5685,Jaguar,Descomponedor,Rana venenosa,Herbivoría,5,1,1
5686,Venado,Productor,Anaconda,Mutualismo,4,38,1
5687,Hormiga cortadora,Productor,Boa constrictor,Depredación,7,14,2
5688,Rana venenosa,Descomponedor,Venado,Descomposición,8,25,1
5689,Rana venenosa,Consumidor primario,Anaconda,Depredación,10,45,6
5690,Tucán,Consumidor primario,Venado,Competencia,8,8,4
5691,Rana venenosa,Consumidor secundario,Rana venenosa,Descomposición,3,36,7
5692,Jaguar,Consumidor secundario,Boa constrictor,Depredación,4,13,10
5693,Jaguar,Productor,Hormiga cortadora,Herbivoría,9,30,5
5694,Venado,Descomponedor,Rana venenosa,Mutualismo,4,49,1
5695,Tucán,Productor,Hormiga cortadora,Herbivoría,2,5,6
5696,Venado,Consumidor secundario,Boa constrictor,Mutualismo,5,42,9
5697,Hormiga cortadora,Consumidor primario,Termitas,Mutualismo,10,3,3
5698,Anaconda,Descomponedor,Rana venenosa,Mutualismo,6,23,3
5699,Venado,Consumidor secundario,Tucán,Mutualismo,1,50,1
5700,Venado,Consumidor primario,Tucán,Mutualismo,9,33,1
5701,Jaguar,Descomponedor,Anaconda,Descomposición,9,17,7
5702,Jaguar,Productor,Termitas,Herbivoría,6,27,5
5703,Tucán,Productor,Jaguar,Competencia,6,28,2
5704,Hormiga cortadora,Consumidor primario,Hormiga cortadora,Depredación,1,14,9
5705,Mono araña,Consumidor secundario,Boa constrictor,Descomposición,8,37,2
5706,Termitas,Descomponedor,Boa constrictor,Competencia,10,12,10
5707,Rana venenosa,Productor,Boa constrictor,Herbivoría,1,12,1
5708,Boa constrictor,Consumidor secundario,Jaguar,Mutualismo,6,14,8
5709,Tucán,Productor,Venado,Mutualismo,8,40,6
5710,Tucán,Consumidor terciario,Tucán,Depredación,6,1,5
5711,Boa constrictor,Consumidor primario,Hormiga cortadora,Herbivoría,3,15,9
5712,Mono araña,Descomponedor,Termitas,Mutualismo,5,24,9
5713,Termitas,Descomponedor,Rana venenosa,Descomposición,2,14,1
5714,Mono araña,Consumidor secundario,Hormiga cortadora,Depredación,4,12,10
5715,Águila harpía,Descomponedor,Termitas,Descomposición,6,35,8
5716,Águila harpía,Descomponedor,Mono araña,Competencia,2,4,2
5717,Mono araña,Consumidor terciario,Águila harpía,Depredación,5,29,6
5718,Mono araña,Consumidor primario,Termitas,Competencia,3,4,3
5719,Venado,Productor,Anaconda,Competencia,10,18,6
5720,Rana venenosa,Consumidor primario,Jaguar,Herbivoría,1,11,4
5721,Boa constrictor,Consumidor primario,Hormiga cortadora,Competencia,6,8,5
5722,Tucán,Descomponedor,Águila harpía,Mutualismo,4,24,3
5723,Anaconda,Consumidor primario,Boa constrictor,Competencia,8,26,7
5724,Anaconda,Productor,Águila harpía,Mutualismo,8,9,2
5725,Mono araña,Productor,Mono araña,Depredación,10,1,9
5726,Venado,Consumidor terciario,Boa constrictor,Herbivoría,10,27,3
5727,Venado,Consumidor primario,Venado,Herbivoría,3,20,10
5728,Mono araña,Consumidor primario,Hormiga cortadora,Descomposición,8,15,8
5729,Rana venenosa,Consumidor secundario,Venado,Depredación,10,28,10
5730,Hormiga cortadora,Consumidor primario,Boa constrictor,Competencia,4,48,7
5731,Anaconda,Descomponedor,Jaguar,Herbivoría,10,23,9
5732,Águila harpía,Descomponedor,Tucán,Mutualismo,2,9,6
5733,Termitas,Consumidor terciario,Jaguar,Competencia,10,25,5
5734,Jaguar,Descomponedor,Anaconda,Competencia,1,30,8
5735,Anaconda,Consumidor primario,Termitas,Depredación,1,5,10
5736,Venado,Descomponedor,Rana venenosa,Descomposición,9,32,6
5737,Hormiga cortadora,Descomponedor,Boa constrictor,Descomposición,6,18,7
5738,Tucán,Productor,Águila harpía,Competencia,6,9,4
5739,Mono araña,Consumidor terciario,Hormiga cortadora,Competencia,9,19,7
5740,Jaguar,Descomponedor,Rana venenosa,Mutualismo,10,16,6
5741,Rana venenosa,Productor,Jaguar,Depredación,10,21,1
5742,Boa constrictor,Consumidor terciario,Hormiga cortadora,Descomposición,1,49,3
5743,Rana venenosa,Productor,Jaguar,Herbivoría,6,14,7
5744,Hormiga cortadora,Productor,Termitas,Mutualismo,3,45,10
5745,Mono araña,Consumidor secundario,Anaconda,Competencia,4,7,9
5746,Termitas,Consumidor terciario,Mono araña,Depredación,2,30,2
5747,Venado,Descomponedor,Tucán,Mutualismo,1,18,3
5748,Anaconda,Descomponedor,Tucán,Competencia,5,42,4
5749,Jaguar,Consumidor primario,Venado,Mutualismo,9,19,10
5750,Termitas,Consumidor primario,Termitas,Competencia,9,42,5
5751,Rana venenosa,Consumidor primario,Mono araña,Descomposición,6,5,8
5752,Rana venenosa,Descomponedor,Anaconda,Depredación,10,7,4
5753,Mono araña,Consumidor primario,Boa constrictor,Descomposición,8,14,8
5754,Mono araña,Descomponedor,Mono araña,Mutualismo,7,22,6
5755,Mono araña,Productor,Boa constrictor,Depredación,8,16,8
5756,Rana venenosa,Consumidor terciario,Rana venenosa,Descomposición,6,10,7
5757,Venado,Productor,Termitas,Competencia,8,32,1
5758,Rana venenosa,Productor,Águila harpía,Mutualismo,9,34,5
5759,Mono araña,Consumidor secundario,Rana venenosa,Descomposición,2,10,5
5760,Águila harpía,Consumidor secundario,Venado,Herbivoría,7,37,6
5761,Rana venenosa,Productor,Jaguar,Mutualismo,1,10,2
5762,Boa constrictor,Consumidor terciario,Águila harpía,Competencia,8,36,4
5763,Rana venenosa,Productor,Boa constrictor,Descomposición,7,24,8
5764,Boa constrictor,Descomponedor,Mono araña,Depredación,1,48,6
5765,Águila harpía,Consumidor terciario,Águila harpía,Competencia,10,34,6
5766,Tucán,Productor,Hormiga cortadora,Herbivoría,5,48,3
5767,Venado,Productor,Mono araña,Depredación,3,47,7
5768,Jaguar,Consumidor secundario,Jaguar,Mutualismo,6,31,5
5769,Boa constrictor,Consumidor terciario,Venado,Mutualismo,9,26,1
5770,Boa constrictor,Productor,Boa constrictor,Herbivoría,1,17,3
5771,Tucán,Consumidor terciario,Tucán,Depredación,10,18,7
5772,Águila harpía,Consumidor secundario,Rana venenosa,Descomposición,10,27,4
5773,Venado,Consumidor secundario,Venado,Mutualismo,9,7,6
5774,Jaguar,Descomponedor,Jaguar,Mutualismo,7,40,3
5775,Anaconda,Productor,Jaguar,Mutualismo,10,46,9
5776,Jaguar,Consumidor secundario,Hormiga cortadora,Competencia,5,24,8
5777,Boa constrictor,Consumidor secundario,Hormiga cortadora,Competencia,10,13,8
5778,Termitas,Descomponedor,Tucán,Herbivoría,8,24,4
5779,Termitas,Consumidor secundario,Tucán,Descomposición,7,48,4
5780,Boa constrictor,Descomponedor,Venado,Mutualismo,4,30,2
5781,Venado,Descomponedor,Venado,Descomposición,3,36,1
5782,Rana venenosa,Consumidor secundario,Venado,Mutualismo,6,19,4
5783,Jaguar,Consumidor terciario,Venado,Depredación,3,50,7
5784,Jaguar,Productor,Mono araña,Mutualismo,1,50,2
5785,Termitas,Consumidor terciario,Anaconda,Competencia,7,39,1
5786,Jaguar,Descomponedor,Mono araña,Depredación,1,27,1
5787,Anaconda,Consumidor primario,Hormiga cortadora,Depredación,4,28,9
5788,Águila harpía,Consumidor primario,Rana venenosa,Mutualismo,1,8,7
5789,Hormiga cortadora,Consumidor primario,Jaguar,Depredación,7,8,2
5790,Termitas,Consumidor secundario,Rana venenosa,Competencia,7,4,1
5791,Tucán,Consumidor terciario,Águila harpía,Herbivoría,4,10,4
5792,Rana venenosa,Productor,Mono araña,Competencia,10,38,5
5793,Hormiga cortadora,Descomponedor,Tucán,Competencia,8,5,8
5794,Anaconda,Consumidor primario,Boa constrictor,Competencia,9,48,9
5795,Águila harpía,Productor,Boa constrictor,Mutualismo,9,12,9
5796,Jaguar,Descomponedor,Anaconda,Herbivoría,4,8,9
5797,Venado,Productor,Hormiga cortadora,Competencia,1,16,3
5798,Hormiga cortadora,Consumidor terciario,Rana venenosa,Herbivoría,2,27,3
5799,Termitas,Consumidor secundario,Boa constrictor,Mutualismo,10,19,6
5800,Jaguar,Consumidor terciario,Boa constrictor,Herbivoría,7,43,2
5801,Termitas,Consumidor primario,Jaguar,Herbivoría,2,19,2
5802,Hormiga cortadora,Consumidor terciario,Jaguar,Competencia,4,17,9
5803,Anaconda,Consumidor secundario,Jaguar,Descomposición,6,29,3
5804,Anaconda,Consumidor secundario,Hormiga cortadora,Mutualismo,5,16,9
5805,Termitas,Consumidor terciario,Venado,Depredación,4,26,10
5806,Boa constrictor,Descomponedor,Anaconda,Mutualismo,7,47,5
5807,Tucán,Consumidor terciario,Anaconda,Competencia,6,11,4
5808,Mono araña,Descomponedor,Anaconda,Descomposición,5,2,2
5809,Rana venenosa,Consumidor terciario,Águila harpía,Descomposición,5,35,6
5810,Tucán,Consumidor primario,Mono araña,Mutualismo,5,36,4
5811,Venado,Descomponedor,Águila harpía,Competencia,5,12,1
5812,Boa constrictor,Consumidor primario,Jaguar,Competencia,1,38,7
5813,Venado,Consumidor secundario,Venado,Mutualismo,9,2,7
5814,Hormiga cortadora,Consumidor secundario,Venado,Depredación,8,47,4
5815,Mono araña,Productor,Termitas,Herbivoría,10,50,4
5816,Termitas,Productor,Anaconda,Descomposición,1,13,1
5817,Jaguar,Consumidor secundario,Anaconda,Depredación,7,21,3
5818,Rana venenosa,Consumidor terciario,Venado,Competencia,7,9,10
5819,Águila harpía,Consumidor secundario,Anaconda,Descomposición,5,8,7
5820,Mono araña,Descomponedor,Tucán,Depredación,6,26,1
5821,Águila harpía,Productor,Termitas,Mutualismo,3,7,5
5822,Hormiga cortadora,Consumidor terciario,Venado,Descomposición,4,20,7
5823,Boa constrictor,Descomponedor,Boa constrictor,Mutualismo,4,8,5
5824,Rana venenosa,Consumidor secundario,Águila harpía,Mutualismo,8,50,4
5825,Rana venenosa,Consumidor primario,Venado,Descomposición,3,40,1
5826,Boa constrictor,Consumidor terciario,Tucán,Mutualismo,2,18,7
5827,Boa constrictor,Consumidor terciario,Águila harpía,Competencia,4,18,7
5828,Tucán,Consumidor primario,Venado,Mutualismo,5,19,4
5829,Águila harpía,Consumidor secundario,Venado,Herbivoría,8,30,2
5830,Águila harpía,Consumidor secundario,Boa constrictor,Descomposición,5,6,1
5831,Tucán,Descomponedor,Rana venenosa,Descomposición,4,26,10
5832,Venado,Consumidor terciario,Anaconda,Mutualismo,3,34,8
5833,Boa constrictor,Productor,Hormiga cortadora,Descomposición,6,36,10
5834,Hormiga cortadora,Consumidor primario,Jaguar,Descomposición,7,36,4
5835,Termitas,Consumidor terciario,Boa constrictor,Mutualismo,2,27,4
5836,Venado,Productor,Tucán,Competencia,7,11,6
5837,Águila harpía,Productor,Jaguar,Mutualismo,5,19,5
5838,Termitas,Consumidor terciario,Venado,Competencia,4,11,7
5839,Termitas,Consumidor primario,Tucán,Herbivoría,9,27,8
5840,Hormiga cortadora,Consumidor secundario,Termitas,Depredación,2,40,6
5841,Mono araña,Consumidor secundario,Águila harpía,Mutualismo,4,12,7
5842,Tucán,Consumidor terciario,Venado,Mutualismo,6,27,7
5843,Mono araña,Consumidor secundario,Venado,Herbivoría,7,49,9
5844,Boa constrictor,Consumidor primario,Mono araña,Mutualismo,7,2,9
5845,Anaconda,Consumidor terciario,Mono araña,Mutualismo,5,26,1
5846,Hormiga cortadora,Descomponedor,Tucán,Mutualismo,4,31,6
5847,Venado,Descomponedor,Anaconda,Herbivoría,2,1,1
5848,Mono araña,Descomponedor,Hormiga cortadora,Competencia,3,11,1
5849,Mono araña,Consumidor primario,Mono araña,Depredación,9,3,5
5850,Mono araña,Productor,Boa constrictor,Descomposición,6,24,2
5851,Hormiga cortadora,Descomponedor,Águila harpía,Mutualismo,9,50,1
5852,Hormiga cortadora,Consumidor primario,Tucán,Competencia,9,42,5
5853,Anaconda,Consumidor secundario,Venado,Herbivoría,10,47,1
5854,Mono araña,Descomponedor,Águila harpía,Herbivoría,7,6,6
5855,Águila harpía,Consumidor terciario,Venado,Depredación,8,40,5
5856,Venado,Consumidor primario,Hormiga cortadora,Depredación,3,42,9
5857,Jaguar,Consumidor secundario,Hormiga cortadora,Descomposición,4,20,2
5858,Rana venenosa,Productor,Tucán,Depredación,4,46,2
5859,Tucán,Consumidor terciario,Águila harpía,Descomposición,7,12,8
5860,Águila harpía,Consumidor terciario,Termitas,Depredación,7,14,6
5861,Jaguar,Descomponedor,Águila harpía,Herbivoría,3,43,5
5862,Hormiga cortadora,Descomponedor,Águila harpía,Competencia,1,42,9
5863,Venado,Consumidor primario,Jaguar,Mutualismo,10,11,9
5864,Rana venenosa,Consumidor terciario,Mono araña,Depredación,1,11,3
5865,Venado,Descomponedor,Mono araña,Descomposición,3,2,4
5866,Jaguar,Productor,Venado,Descomposición,9,8,6
5867,Mono araña,Productor,Boa constrictor,Mutualismo,8,34,7
5868,Termitas,Consumidor secundario,Hormiga cortadora,Herbivoría,4,9,9
5869,Venado,Productor,Jaguar,Herbivoría,4,24,1
5870,Boa constrictor,Consumidor secundario,Mono araña,Herbivoría,3,34,9
5871,Termitas,Productor,Termitas,Competencia,5,48,9
5872,Tucán,Productor,Termitas,Competencia,8,29,1
5873,Hormiga cortadora,Productor,Venado,Competencia,9,41,2
5874,Venado,Productor,Boa constrictor,Herbivoría,2,42,4
5875,Rana venenosa,Productor,Tucán,Depredación,5,42,8
5876,Termitas,Consumidor primario,Boa constrictor,Descomposición,6,15,8
5877,Termitas,Consumidor secundario,Venado,Competencia,6,40,10
5878,Anaconda,Consumidor primario,Rana venenosa,Herbivoría,7,6,4
5879,Boa constrictor,Consumidor secundario,Mono araña,Descomposición,5,27,4
5880,Tucán,Descomponedor,Mono araña,Herbivoría,4,38,2
5881,Jaguar,Descomponedor,Anaconda,Mutualismo,10,33,10
5882,Hormiga cortadora,Productor,Tucán,Competencia,3,21,1
5883,Águila harpía,Consumidor primario,Rana venenosa,Herbivoría,10,2,3
5884,Águila harpía,Consumidor primario,Hormiga cortadora,Mutualismo,10,16,5
5885,Jaguar,Descomponedor,Tucán,Mutualismo,4,1,2
5886,Anaconda,Consumidor primario,Mono araña,Descomposición,9,36,10
5887,Anaconda,Descomponedor,Termitas,Depredación,8,29,8
5888,Mono araña,Descomponedor,Rana venenosa,Mutualismo,3,40,5
5889,Tucán,Consumidor primario,Mono araña,Competencia,8,8,9
5890,Venado,Consumidor terciario,Tucán,Descomposición,2,17,5
5891,Venado,Consumidor primario,Mono araña,Herbivoría,9,11,7
5892,Jaguar,Productor,Águila harpía,Herbivoría,10,6,2
5893,Hormiga cortadora,Consumidor terciario,Anaconda,Competencia,2,44,5
5894,Anaconda,Consumidor primario,Jaguar,Competencia,7,44,3
5895,Jaguar,Descomponedor,Anaconda,Mutualismo,1,5,10
5896,Rana venenosa,Consumidor secundario,Mono araña,Depredación,8,4,9
5897,Tucán,Consumidor terciario,Boa constrictor,Mutualismo,9,18,4
5898,Anaconda,Consumidor primario,Termitas,Herbivoría,1,3,1
5899,Jaguar,Descomponedor,Boa constrictor,Mutualismo,4,38,10
5900,Venado,Consumidor primario,Boa constrictor,Competencia,2,35,1
5901,Anaconda,Consumidor terciario,Tucán,Herbivoría,4,18,6
5902,Jaguar,Productor,Rana venenosa,Mutualismo,3,18,7
5903,Jaguar,Productor,Termitas,Competencia,2,1,9
5904,Termitas,Productor,Águila harpía,Depredación,1,2,5
5905,Rana venenosa,Consumidor primario,Boa constrictor,Herbivoría,5,16,2
5906,Jaguar,Descomponedor,Venado,Herbivoría,3,3,1
5907,Venado,Productor,Venado,Depredación,2,13,2
5908,Hormiga cortadora,Consumidor secundario,Mono araña,Herbivoría,2,33,2
5909,Hormiga cortadora,Consumidor primario,Águila harpía,Competencia,3,2,10
5910,Termitas,Consumidor terciario,Termitas,Mutualismo,5,2,3
5911,Águila harpía,Consumidor secundario,Rana venenosa,Descomposición,8,37,3
5912,Venado,Consumidor terciario,Tucán,Depredación,6,40,5
5913,Tucán,Consumidor terciario,Jaguar,Descomposición,9,15,2
5914,Anaconda,Descomponedor,Termitas,Herbivoría,10,40,2
5915,Termitas,Descomponedor,Hormiga cortadora,Descomposición,8,7,2
5916,Hormiga cortadora,Consumidor secundario,Tucán,Competencia,5,22,5
5917,Anaconda,Descomponedor,Venado,Competencia,1,50,8
5918,Boa constrictor,Productor,Mono araña,Mutualismo,6,14,2
5919,Tucán,Consumidor secundario,Boa constrictor,Herbivoría,1,31,6
5920,Termitas,Consumidor terciario,Tucán,Mutualismo,10,20,7
5921,Anaconda,Productor,Águila harpía,Depredación,7,21,3
5922,Termitas,Productor,Boa constrictor,Competencia,6,40,2
5923,Mono araña,Consumidor secundario,Tucán,Descomposición,9,15,8
5924,Jaguar,Productor,Hormiga cortadora,Mutualismo,10,4,1
5925,Anaconda,Descomponedor,Anaconda,Herbivoría,1,41,2
5926,Termitas,Consumidor terciario,Tucán,Mutualismo,6,6,4
5927,Hormiga cortadora,Descomponedor,Mono araña,Depredación,2,31,6
5928,Anaconda,Consumidor primario,Hormiga cortadora,Depredación,1,41,3
5929,Termitas,Productor,Termitas,Depredación,6,39,5
5930,Termitas,Consumidor primario,Mono araña,Competencia,10,3,7
5931,Anaconda,Descomponedor,Jaguar,Herbivoría,10,27,9
5932,Hormiga cortadora,Consumidor primario,Rana venenosa,Herbivoría,9,24,4
5933,Rana venenosa,Consumidor terciario,Águila harpía,Descomposición,9,4,5
5934,Rana venenosa,Descomponedor,Boa constrictor,Descomposición,2,44,7
5935,Termitas,Consumidor primario,Termitas,Mutualismo,3,46,7
5936,Rana venenosa,Productor,Venado,Herbivoría,10,36,8
5937,Anaconda,Consumidor secundario,Venado,Depredación,6,25,1
5938,Jaguar,Consumidor secundario,Águila harpía,Descomposición,9,42,7
5939,Termitas,Productor,Mono araña,Mutualismo,7,46,1
5940,Anaconda,Consumidor primario,Hormiga cortadora,Depredación,10,41,8
5941,Venado,Descomponedor,Boa constrictor,Herbivoría,5,9,6
5942,Termitas,Productor,Jaguar,Herbivoría,5,30,2
5943,Águila harpía,Consumidor terciario,Tucán,Descomposición,3,5,10
5944,Mono araña,Consumidor secundario,Boa constrictor,Herbivoría,2,20,4
5945,Águila harpía,Consumidor primario,Hormiga cortadora,Depredación,10,49,3
5946,Rana venenosa,Descomponedor,Jaguar,Herbivoría,7,35,5
5947,Rana venenosa,Descomponedor,Rana venenosa,Descomposición,3,2,2
5948,Boa constrictor,Consumidor secundario,Venado,Mutualismo,2,26,1
5949,Boa constrictor,Descomponedor,Boa constrictor,Mutualismo,6,30,2
5950,Termitas,Consumidor terciario,Águila harpía,Mutualismo,3,40,1
5951,Jaguar,Consumidor primario,Mono araña,Mutualismo,7,25,2
5952,Termitas,Consumidor terciario,Venado,Competencia,3,30,9
5953,Tucán,Consumidor terciario,Anaconda,Mutualismo,2,28,8
5954,Anaconda,Descomponedor,Jaguar,Depredación,1,31,1
5955,Venado,Consumidor secundario,Águila harpía,Descomposición,9,11,5
5956,Venado,Descomponedor,Termitas,Mutualismo,5,3,2
5957,Rana venenosa,Productor,Boa constrictor,Descomposición,5,12,6
5958,Tucán,Consumidor primario,Anaconda,Descomposición,4,6,9
5959,Anaconda,Descomponedor,Termitas,Descomposición,7,7,6
5960,Anaconda,Descomponedor,Rana venenosa,Descomposición,6,45,5
5961,Anaconda,Consumidor primario,Rana venenosa,Mutualismo,3,2,4
5962,Termitas,Productor,Tucán,Mutualismo,5,48,3
5963,Jaguar,Consumidor primario,Tucán,Depredación,5,20,2
5964,Jaguar,Consumidor secundario,Anaconda,Herbivoría,10,23,7
5965,Mono araña,Consumidor terciario,Tucán,Mutualismo,2,11,9
5966,Termitas,Consumidor secundario,Águila harpía,Herbivoría,3,10,7
5967,Tucán,Productor,Jaguar,Mutualismo,5,26,1
5968,Jaguar,Consumidor secundario,Águila harpía,Herbivoría,9,11,6
5969,Jaguar,Consumidor secundario,Águila harpía,Mutualismo,9,40,10
5970,Anaconda,Descomponedor,Boa constrictor,Descomposición,8,16,4
5971,Hormiga cortadora,Descomponedor,Tucán,Mutualismo,6,16,8
5972,Águila harpía,Consumidor primario,Anaconda,Herbivoría,3,5,8
5973,Tucán,Descomponedor,Boa constrictor,Descomposición,1,4,3
5974,Venado,Consumidor primario,Rana venenosa,Mutualismo,6,15,7
5975,Hormiga cortadora,Productor,Águila harpía,Competencia,3,46,2
5976,Tucán,Consumidor primario,Anaconda,Depredación,3,46,8
5977,Jaguar,Consumidor terciario,Tucán,Herbivoría,10,37,4
5978,Venado,Descomponedor,Venado,Competencia,7,42,2
5979,Termitas,Consumidor primario,Jaguar,Depredación,8,21,7
5980,Venado,Descomponedor,Mono araña,Herbivoría,2,24,5
5981,Hormiga cortadora,Consumidor secundario,Rana venenosa,Mutualismo,9,31,3
5982,Mono araña,Consumidor primario,Rana venenosa,Herbivoría,7,20,6
5983,Águila harpía,Descomponedor,Mono araña,Herbivoría,2,10,3
5984,Hormiga cortadora,Descomponedor,Águila harpía,Descomposición,4,18,7
5985,Termitas,Consumidor secundario,Hormiga cortadora,Competencia,5,49,9
5986,Hormiga cortadora,Productor,Jaguar,Mutualismo,8,26,1
5987,Águila harpía,Productor,Mono araña,Competencia,10,36,4
5988,Águila harpía,Consumidor secundario,Tucán,Herbivoría,7,36,4
5989,Tucán,Consumidor primario,Boa constrictor,Descomposición,3,9,10
5990,Boa constrictor,Consumidor secundario,Tucán,Descomposición,5,39,3
5991,Anaconda,Productor,Venado,Competencia,5,7,2
5992,Mono araña,Productor,Hormiga cortadora,Descomposición,2,36,7
5993,Venado,Consumidor terciario,Anaconda,Descomposición,6,20,10
5994,Jaguar,Consumidor primario,Águila harpía,Mutualismo,2,19,6
5995,Boa constrictor,Consumidor secundario,Termitas,Herbivoría,8,30,2
5996,Mono araña,Consumidor primario,Termitas,Herbivoría,3,33,6
5997,Águila harpía,Consumidor secundario,Hormiga cortadora,Depredación,7,39,4
5998,Tucán,Consumidor secundario,Anaconda,Descomposición,7,31,3
5999,Rana venenosa,Descomponedor,Águila harpía,Depredación,7,14,4
6000,Águila harpía,Consumidor secundario,Termitas,Herbivoría,4,23,7
6001,Anaconda,Consumidor secundario,Venado,Mutualismo,10,5,9
6002,Hormiga cortadora,Descomponedor,Mono araña,Mutualismo,1,10,1
6003,Venado,Consumidor secundario,Águila harpía,Mutualismo,7,18,10
6004,Águila harpía,Consumidor primario,Mono araña,Mutualismo,3,21,8
6005,Hormiga cortadora,Descomponedor,Mono araña,Depredación,10,25,9
6006,Águila harpía,Descomponedor,Águila harpía,Mutualismo,4,45,7
6007,Mono araña,Consumidor primario,Tucán,Mutualismo,4,31,3
6008,Jaguar,Consumidor secundario,Termitas,Mutualismo,10,32,5
6009,Mono araña,Productor,Venado,Mutualismo,9,27,4
6010,Rana venenosa,Descomponedor,Mono araña,Mutualismo,4,13,10
6011,Boa constrictor,Consumidor primario,Jaguar,Depredación,4,12,7
6012,Hormiga cortadora,Consumidor primario,Venado,Competencia,4,13,6
6013,Águila harpía,Consumidor primario,Termitas,Mutualismo,8,42,6
6014,Águila harpía,Consumidor terciario,Venado,Competencia,7,13,6
6015,Anaconda,Consumidor primario,Tucán,Descomposición,2,47,3
6016,Hormiga cortadora,Descomponedor,Águila harpía,Competencia,10,38,5
6017,Boa constrictor,Descomponedor,Rana venenosa,Mutualismo,6,39,1
6018,Anaconda,Consumidor primario,Venado,Competencia,5,9,10
6019,Águila harpía,Productor,Anaconda,Mutualismo,5,38,1
6020,Anaconda,Consumidor secundario,Águila harpía,Descomposición,1,34,8
6021,Tucán,Descomponedor,Tucán,Depredación,8,13,6
6022,Venado,Consumidor primario,Hormiga cortadora,Descomposición,5,14,7
6023,Venado,Consumidor terciario,Mono araña,Mutualismo,7,21,4
6024,Termitas,Consumidor secundario,Tucán,Depredación,7,28,9
6025,Jaguar,Productor,Venado,Herbivoría,7,34,4
6026,Hormiga cortadora,Consumidor secundario,Rana venenosa,Mutualismo,8,38,1
6027,Anaconda,Descomponedor,Venado,Competencia,4,5,7
6028,Rana venenosa,Productor,Mono araña,Competencia,9,33,1
6029,Boa constrictor,Consumidor secundario,Venado,Mutualismo,6,41,9
6030,Jaguar,Productor,Anaconda,Depredación,1,42,10
6031,Rana venenosa,Consumidor terciario,Hormiga cortadora,Herbivoría,4,40,7
6032,Rana venenosa,Consumidor secundario,Rana venenosa,Descomposición,4,44,4
6033,Rana venenosa,Descomponedor,Águila harpía,Depredación,3,5,3
6034,Jaguar,Productor,Hormiga cortadora,Mutualismo,1,22,5
6035,Rana venenosa,Descomponedor,Rana venenosa,Mutualismo,2,16,4
6036,Tucán,Consumidor terciario,Hormiga cortadora,Descomposición,2,37,3
6037,Venado,Productor,Mono araña,Herbivoría,6,3,6
6038,Hormiga cortadora,Consumidor terciario,Águila harpía,Depredación,4,41,2
6039,Venado,Productor,Mono araña,Competencia,7,16,7
6040,Jaguar,Consumidor primario,Anaconda,Competencia,10,27,7
6041,Mono araña,Consumidor primario,Águila harpía,Mutualismo,9,27,3
6042,Venado,Consumidor secundario,Venado,Mutualismo,2,3,7
6043,Termitas,Consumidor terciario,Boa constrictor,Descomposición,7,43,10
6044,Tucán,Productor,Venado,Mutualismo,2,18,9
6045,Termitas,Consumidor primario,Termitas,Mutualismo,3,37,8
6046,Rana venenosa,Consumidor secundario,Hormiga cortadora,Competencia,9,22,1
6047,Rana venenosa,Consumidor secundario,Venado,Herbivoría,2,24,9
6048,Tucán,Consumidor primario,Boa constrictor,Herbivoría,6,24,6
6049,Anaconda,Productor,Anaconda,Depredación,4,34,3
6050,Termitas,Productor,Hormiga cortadora,Depredación,2,50,3
6051,Termitas,Productor,Termitas,Depredación,6,7,1
6052,Anaconda,Descomponedor,Boa constrictor,Mutualismo,8,23,6
6053,Tucán,Consumidor primario,Tucán,Depredación,2,4,7
6054,Venado,Descomponedor,Termitas,Herbivoría,2,49,5
6055,Hormiga cortadora,Consumidor secundario,Tucán,Descomposición,2,13,7
6056,Boa constrictor,Productor,Mono araña,Descomposición,2,16,2
6057,Mono araña,Consumidor primario,Rana venenosa,Competencia,10,13,2
6058,Tucán,Consumidor secundario,Águila harpía,Competencia,3,14,6
6059,Águila harpía,Consumidor terciario,Venado,Competencia,6,37,5
6060,Hormiga cortadora,Consumidor terciario,Tucán,Mutualismo,2,14,6
6061,Hormiga cortadora,Consumidor primario,Hormiga cortadora,Depredación,5,48,6
6062,Anaconda,Productor,Hormiga cortadora,Herbivoría,8,38,5
6063,Tucán,Descomponedor,Termitas,Depredación,5,17,6
6064,Tucán,Productor,Termitas,Descomposición,8,44,7
6065,Termitas,Productor,Venado,Mutualismo,3,39,3
6066,Mono araña,Productor,Venado,Herbivoría,7,49,8
6067,Boa constrictor,Descomponedor,Jaguar,Depredación,8,27,1
6068,Tucán,Descomponedor,Venado,Competencia,10,40,6
6069,Mono araña,Consumidor primario,Boa constrictor,Depredación,5,24,4
6070,Hormiga cortadora,Consumidor primario,Boa constrictor,Herbivoría,8,6,7
6071,Mono araña,Descomponedor,Tucán,Descomposición,3,9,2
6072,Rana venenosa,Consumidor secundario,Anaconda,Herbivoría,9,11,2
6073,Tucán,Consumidor secundario,Anaconda,Descomposición,8,5,5
6074,Tucán,Consumidor terciario,Hormiga cortadora,Depredación,3,31,4
6075,Termitas,Consumidor terciario,Jaguar,Competencia,6,26,4
6076,Hormiga cortadora,Productor,Venado,Competencia,2,46,8
6077,Termitas,Consumidor terciario,Mono araña,Mutualismo,1,8,1
6078,Rana venenosa,Descomponedor,Rana venenosa,Herbivoría,10,9,2
6079,Termitas,Consumidor secundario,Mono araña,Mutualismo,3,9,9
6080,Termitas,Consumidor secundario,Boa constrictor,Descomposición,2,33,6
6081,Boa constrictor,Consumidor terciario,Rana venenosa,Competencia,4,35,4
6082,Hormiga cortadora,Consumidor primario,Jaguar,Descomposición,1,26,6
6083,Boa constrictor,Consumidor primario,Termitas,Descomposición,1,36,5
6084,Venado,Consumidor terciario,Tucán,Herbivoría,10,26,4
6085,Rana venenosa,Consumidor primario,Mono araña,Descomposición,1,30,4
6086,Águila harpía,Productor,Anaconda,Descomposición,5,9,2
6087,Venado,Consumidor terciario,Termitas,Competencia,1,40,1
6088,Rana venenosa,Productor,Termitas,Depredación,6,39,7
6089,Anaconda,Descomponedor,Águila harpía,Depredación,3,37,3
6090,Termitas,Productor,Águila harpía,Mutualismo,6,40,5
6091,Hormiga cortadora,Consumidor terciario,Jaguar,Mutualismo,1,11,7
6092,Águila harpía,Consumidor secundario,Venado,Herbivoría,10,29,10
6093,Jaguar,Productor,Tucán,Descomposición,7,8,3
6094,Rana venenosa,Consumidor terciario,Jaguar,Descomposición,7,42,5
6095,Venado,Consumidor primario,Águila harpía,Descomposición,2,35,3
6096,Termitas,Consumidor terciario,Rana venenosa,Competencia,10,9,2
6097,Boa constrictor,Consumidor secundario,Boa constrictor,Descomposición,5,23,5
6098,Tucán,Productor,Águila harpía,Herbivoría,9,4,1
6099,Anaconda,Productor,Rana venenosa,Mutualismo,5,3,7
6100,Termitas,Consumidor secundario,Venado,Mutualismo,7,31,10
6101,Boa constrictor,Consumidor secundario,Hormiga cortadora,Depredación,4,31,10
6102,Boa constrictor,Consumidor primario,Tucán,Depredación,1,19,5
6103,Boa constrictor,Consumidor secundario,Mono araña,Competencia,8,25,3
6104,Boa constrictor,Productor,Termitas,Herbivoría,1,49,3
6105,Hormiga cortadora,Consumidor terciario,Termitas,Herbivoría,5,17,2
6106,Anaconda,Consumidor terciario,Termitas,Descomposición,9,28,6
6107,Boa constrictor,Productor,Rana venenosa,Depredación,7,32,4
6108,Rana venenosa,Descomponedor,Rana venenosa,Herbivoría,10,1,4
6109,Venado,Consumidor primario,Boa constrictor,Descomposición,4,10,5
6110,Mono araña,Descomponedor,Hormiga cortadora,Competencia,3,27,10
6111,Jaguar,Productor,Anaconda,Descomposición,2,38,7
6112,Mono araña,Consumidor terciario,Boa constrictor,Depredación,6,34,8
6113,Rana venenosa,Consumidor secundario,Boa constrictor,Descomposición,1,17,6
6114,Jaguar,Consumidor terciario,Rana venenosa,Depredación,9,28,6
6115,Venado,Descomponedor,Hormiga cortadora,Herbivoría,10,24,2
6116,Águila harpía,Consumidor primario,Mono araña,Mutualismo,9,27,4
6117,Águila harpía,Productor,Jaguar,Herbivoría,2,35,2
6118,Boa constrictor,Consumidor terciario,Hormiga cortadora,Herbivoría,4,27,10
6119,Venado,Consumidor primario,Termitas,Herbivoría,7,35,4
6120,Mono araña,Consumidor terciario,Águila harpía,Competencia,1,16,4
6121,Mono araña,Consumidor terciario,Boa constrictor,Mutualismo,8,3,8
6122,Venado,Consumidor terciario,Águila harpía,Mutualismo,6,48,8
6123,Hormiga cortadora,Consumidor secundario,Rana venenosa,Descomposición,10,12,1
6124,Tucán,Productor,Rana venenosa,Mutualismo,9,30,1
6125,Jaguar,Descomponedor,Anaconda,Descomposición,3,32,9
6126,Boa constrictor,Descomponedor,Termitas,Descomposición,8,19,6
6127,Tucán,Consumidor secundario,Mono araña,Mutualismo,9,4,3
6128,Tucán,Descomponedor,Hormiga cortadora,Descomposición,7,1,3
6129,Venado,Consumidor secundario,Hormiga cortadora,Depredación,4,3,6
6130,Tucán,Consumidor secundario,Hormiga cortadora,Mutualismo,3,20,6
6131,Tucán,Consumidor secundario,Rana venenosa,Depredación,7,10,1
6132,Mono araña,Consumidor primario,Termitas,Depredación,9,40,4
6133,Termitas,Descomponedor,Águila harpía,Herbivoría,7,22,7
6134,Águila harpía,Consumidor terciario,Jaguar,Mutualismo,3,9,6
6135,Anaconda,Descomponedor,Rana venenosa,Competencia,5,40,10
6136,Águila harpía,Descomponedor,Rana venenosa,Herbivoría,4,25,1
6137,Anaconda,Consumidor terciario,Águila harpía,Depredación,10,25,10
6138,Mono araña,Productor,Jaguar,Descomposición,7,36,5
6139,Anaconda,Consumidor primario,Hormiga cortadora,Herbivoría,2,1,10
6140,Mono araña,Consumidor primario,Boa constrictor,Descomposición,5,9,4
6141,Venado,Descomponedor,Mono araña,Mutualismo,6,15,2
6142,Anaconda,Descomponedor,Mono araña,Herbivoría,7,3,3
6143,Venado,Descomponedor,Águila harpía,Descomposición,7,2,10
6144,Termitas,Consumidor terciario,Tucán,Competencia,1,46,1
6145,Termitas,Consumidor terciario,Mono araña,Depredación,2,32,3
6146,Boa constrictor,Productor,Hormiga cortadora,Competencia,6,23,6
6147,Rana venenosa,Consumidor secundario,Rana venenosa,Depredación,7,45,9
6148,Águila harpía,Consumidor primario,Tucán,Competencia,10,41,7
6149,Jaguar,Productor,Tucán,Herbivoría,4,10,9
6150,Jaguar,Consumidor primario,Mono araña,Competencia,10,35,5
6151,Boa constrictor,Descomponedor,Águila harpía,Depredación,7,32,2
6152,Águila harpía,Consumidor primario,Hormiga cortadora,Competencia,2,7,10
6153,Anaconda,Consumidor secundario,Águila harpía,Herbivoría,9,4,7
6154,Venado,Productor,Rana venenosa,Competencia,9,14,5
6155,Anaconda,Consumidor secundario,Águila harpía,Competencia,7,32,5
6156,Termitas,Consumidor secundario,Águila harpía,Descomposición,8,23,5
6157,Tucán,Consumidor terciario,Hormiga cortadora,Herbivoría,7,17,9
6158,Hormiga cortadora,Consumidor terciario,Mono araña,Herbivoría,5,40,2
6159,Jaguar,Descomponedor,Rana venenosa,Competencia,3,48,8
6160,Tucán,Consumidor secundario,Águila harpía,Mutualismo,7,29,2
6161,Tucán,Consumidor secundario,Jaguar,Depredación,9,19,10
6162,Venado,Descomponedor,Hormiga cortadora,Depredación,3,47,7
6163,Águila harpía,Consumidor secundario,Hormiga cortadora,Herbivoría,1,37,2
6164,Mono araña,Consumidor primario,Rana venenosa,Descomposición,9,21,10
6165,Hormiga cortadora,Descomponedor,Anaconda,Depredación,8,3,4
6166,Jaguar,Productor,Anaconda,Depredación,4,6,7
6167,Águila harpía,Productor,Termitas,Descomposición,10,21,6
6168,Boa constrictor,Consumidor terciario,Hormiga cortadora,Depredación,7,19,8
6169,Tucán,Descomponedor,Mono araña,Mutualismo,9,9,7
6170,Venado,Consumidor primario,Mono araña,Mutualismo,2,34,1
6171,Jaguar,Consumidor secundario,Águila harpía,Descomposición,6,15,9
6172,Mono araña,Consumidor secundario,Mono araña,Mutualismo,4,49,3
6173,Hormiga cortadora,Consumidor secundario,Boa constrictor,Herbivoría,1,38,4
6174,Boa constrictor,Descomponedor,Tucán,Herbivoría,10,9,5
6175,Mono araña,Productor,Rana venenosa,Herbivoría,6,26,5
6176,Mono araña,Consumidor terciario,Venado,Descomposición,1,17,8
6177,Anaconda,Descomponedor,Boa constrictor,Competencia,3,15,10
6178,Anaconda,Consumidor terciario,Venado,Mutualismo,9,44,7
6179,Boa constrictor,Consumidor primario,Boa constrictor,Depredación,6,1,9
6180,Jaguar,Consumidor terciario,Hormiga cortadora,Descomposición,6,1,3
6181,Termitas,Productor,Tucán,Mutualismo,3,23,6
6182,Venado,Consumidor secundario,Venado,Mutualismo,3,33,7
6183,Termitas,Productor,Tucán,Depredación,10,21,9
6184,Rana venenosa,Productor,Termitas,Descomposición,9,19,1
6185,Boa constrictor,Descomponedor,Jaguar,Herbivoría,5,42,1
6186,Mono araña,Consumidor primario,Tucán,Mutualismo,5,30,5
6187,Jaguar,Consumidor terciario,Águila harpía,Herbivoría,2,46,1
6188,Rana venenosa,Consumidor primario,Venado,Depredación,10,47,4
6189,Hormiga cortadora,Consumidor terciario,Tucán,Mutualismo,2,2,6
6190,Rana venenosa,Consumidor secundario,Águila harpía,Descomposición,5,35,6
6191,Águila harpía,Consumidor secundario,Termitas,Mutualismo,7,26,5
6192,Hormiga cortadora,Productor,Tucán,Competencia,7,16,6
6193,Hormiga cortadora,Productor,Águila harpía,Descomposición,5,15,4
6194,Rana venenosa,Productor,Rana venenosa,Mutualismo,4,5,5
6195,Tucán,Consumidor secundario,Termitas,Depredación,6,15,3
6196,Jaguar,Consumidor secundario,Jaguar,Mutualismo,4,3,5
6197,Rana venenosa,Consumidor primario,Hormiga cortadora,Mutualismo,7,25,8
6198,Tucán,Descomponedor,Boa constrictor,Depredación,5,18,6
6199,Hormiga cortadora,Descomponedor,Termitas,Descomposición,6,17,2
6200,Boa constrictor,Consumidor terciario,Jaguar,Herbivoría,7,35,5
6201,Termitas,Consumidor primario,Anaconda,Herbivoría,5,6,5
6202,Jaguar,Consumidor primario,Hormiga cortadora,Herbivoría,9,27,8
6203,Termitas,Consumidor secundario,Venado,Depredación,2,10,6
6204,Mono araña,Consumidor terciario,Rana venenosa,Depredación,1,38,6
6205,Tucán,Consumidor primario,Boa constrictor,Herbivoría,2,29,1
6206,Águila harpía,Consumidor terciario,Termitas,Mutualismo,5,33,7
6207,Mono araña,Productor,Jaguar,Mutualismo,9,33,2
6208,Rana venenosa,Descomponedor,Jaguar,Mutualismo,3,19,6
6209,Tucán,Descomponedor,Rana venenosa,Mutualismo,10,1,2
6210,Anaconda,Consumidor terciario,Mono araña,Mutualismo,6,8,4
6211,Anaconda,Consumidor terciario,Termitas,Depredación,7,9,3
6212,Mono araña,Consumidor primario,Boa constrictor,Herbivoría,8,32,3
6213,Águila harpía,Descomponedor,Venado,Mutualismo,6,45,2
6214,Mono araña,Consumidor terciario,Anaconda,Herbivoría,5,21,2
6215,Rana venenosa,Consumidor terciario,Termitas,Depredación,2,12,4
6216,Águila harpía,Productor,Venado,Depredación,5,50,3
6217,Rana venenosa,Consumidor secundario,Anaconda,Herbivoría,1,34,3
6218,Hormiga cortadora,Consumidor terciario,Venado,Competencia,6,1,8
6219,Termitas,Consumidor primario,Venado,Depredación,6,27,10
6220,Rana venenosa,Productor,Jaguar,Depredación,10,3,5
6221,Venado,Descomponedor,Termitas,Mutualismo,6,35,3
6222,Hormiga cortadora,Consumidor secundario,Anaconda,Descomposición,6,11,3
6223,Anaconda,Productor,Hormiga cortadora,Herbivoría,8,28,4
6224,Rana venenosa,Consumidor primario,Águila harpía,Mutualismo,8,35,6
6225,Venado,Consumidor secundario,Termitas,Descomposición,9,25,2
6226,Mono araña,Productor,Hormiga cortadora,Herbivoría,7,40,7
6227,Águila harpía,Productor,Mono araña,Competencia,1,48,4
6228,Boa constrictor,Consumidor terciario,Águila harpía,Competencia,3,37,6
6229,Mono araña,Consumidor secundario,Águila harpía,Herbivoría,8,18,4
6230,Mono araña,Consumidor primario,Tucán,Depredación,5,25,4
6231,Venado,Consumidor terciario,Águila harpía,Descomposición,9,3,5
6232,Rana venenosa,Descomponedor,Termitas,Mutualismo,7,22,1
6233,Boa constrictor,Consumidor terciario,Rana venenosa,Depredación,3,34,5
6234,Mono araña,Consumidor terciario,Termitas,Mutualismo,1,43,9
6235,Hormiga cortadora,Descomponedor,Mono araña,Competencia,4,29,2
6236,Jaguar,Consumidor secundario,Mono araña,Competencia,1,8,8
6237,Termitas,Consumidor primario,Termitas,Mutualismo,3,35,1
6238,Anaconda,Consumidor terciario,Venado,Mutualismo,6,24,9
6239,Tucán,Productor,Mono araña,Mutualismo,1,29,5
6240,Mono araña,Descomponedor,Anaconda,Depredación,10,15,3
6241,Venado,Consumidor primario,Águila harpía,Mutualismo,9,16,3
6242,Tucán,Consumidor terciario,Tucán,Competencia,9,41,7
6243,Boa constrictor,Consumidor secundario,Anaconda,Depredación,6,47,7
6244,Venado,Consumidor secundario,Águila harpía,Depredación,6,6,4
6245,Mono araña,Consumidor terciario,Águila harpía,Descomposición,6,48,9
6246,Rana venenosa,Consumidor secundario,Venado,Descomposición,5,32,5
6247,Jaguar,Productor,Termitas,Mutualismo,3,49,4
6248,Termitas,Consumidor terciario,Rana venenosa,Herbivoría,8,13,2
6249,Tucán,Productor,Jaguar,Descomposición,7,36,5
6250,Termitas,Descomponedor,Rana venenosa,Mutualismo,1,41,4
6251,Águila harpía,Consumidor primario,Tucán,Herbivoría,7,16,7
6252,Anaconda,Productor,Mono araña,Competencia,6,32,2
6253,Tucán,Consumidor terciario,Anaconda,Competencia,1,14,4
6254,Tucán,Consumidor primario,Boa constrictor,Depredación,5,45,4
6255,Águila harpía,Descomponedor,Venado,Depredación,9,29,8
6256,Venado,Descomponedor,Mono araña,Competencia,5,3,3
6257,Tucán,Consumidor secundario,Rana venenosa,Mutualismo,8,46,2
6258,Rana venenosa,Productor,Rana venenosa,Depredación,1,43,6
6259,Anaconda,Consumidor terciario,Mono araña,Depredación,10,41,5
6260,Rana venenosa,Consumidor secundario,Rana venenosa,Mutualismo,7,14,4
6261,Anaconda,Productor,Rana venenosa,Herbivoría,9,18,10
6262,Águila harpía,Consumidor primario,Anaconda,Mutualismo,2,41,9
6263,Tucán,Productor,Águila harpía,Depredación,8,2,6
6264,Termitas,Descomponedor,Mono araña,Descomposición,4,25,4
6265,Rana venenosa,Consumidor secundario,Hormiga cortadora,Depredación,6,27,4
6266,Boa constrictor,Consumidor primario,Jaguar,Descomposición,5,19,5
6267,Mono araña,Productor,Boa constrictor,Descomposición,6,19,9
6268,Boa constrictor,Descomponedor,Boa constrictor,Depredación,8,38,4
6269,Anaconda,Descomponedor,Tucán,Competencia,3,45,5
6270,Hormiga cortadora,Descomponedor,Jaguar,Herbivoría,7,44,7
6271,Boa constrictor,Consumidor secundario,Águila harpía,Descomposición,1,2,1
6272,Rana venenosa,Productor,Águila harpía,Mutualismo,10,49,9
6273,Rana venenosa,Consumidor primario,Boa constrictor,Mutualismo,5,13,5
6274,Termitas,Consumidor secundario,Boa constrictor,Depredación,5,32,5
6275,Termitas,Productor,Mono araña,Descomposición,7,41,7
6276,Tucán,Consumidor terciario,Rana venenosa,Depredación,9,48,9
6277,Mono araña,Consumidor terciario,Mono araña,Competencia,1,20,6
6278,Tucán,Productor,Anaconda,Herbivoría,3,27,1
6279,Rana venenosa,Consumidor terciario,Jaguar,Mutualismo,5,47,9
6280,Anaconda,Consumidor primario,Jaguar,Mutualismo,5,30,7
6281,Termitas,Productor,Rana venenosa,Depredación,5,42,6
6282,Hormiga cortadora,Descomponedor,Jaguar,Mutualismo,10,23,3
6283,Termitas,Consumidor terciario,Tucán,Descomposición,10,45,5
6284,Jaguar,Consumidor terciario,Hormiga cortadora,Descomposición,9,38,1
6285,Rana venenosa,Productor,Rana venenosa,Competencia,6,50,6
6286,Mono araña,Consumidor secundario,Termitas,Mutualismo,1,8,3
6287,Águila harpía,Consumidor terciario,Termitas,Descomposición,10,26,9
6288,Mono araña,Consumidor terciario,Venado,Descomposición,6,43,5
6289,Rana venenosa,Consumidor secundario,Mono araña,Mutualismo,1,6,6
6290,Jaguar,Consumidor primario,Termitas,Depredación,5,16,5
6291,Boa constrictor,Consumidor terciario,Termitas,Descomposición,7,5,9
6292,Jaguar,Descomponedor,Boa constrictor,Mutualismo,5,39,10
6293,Termitas,Productor,Águila harpía,Competencia,9,24,4
6294,Tucán,Productor,Tucán,Descomposición,4,42,1
6295,Rana venenosa,Consumidor terciario,Jaguar,Depredación,8,29,8
6296,Venado,Consumidor terciario,Termitas,Competencia,4,37,7
6297,Boa constrictor,Consumidor terciario,Jaguar,Descomposición,1,29,6
6298,Tucán,Consumidor secundario,Rana venenosa,Depredación,1,23,10
6299,Tucán,Descomponedor,Hormiga cortadora,Competencia,7,15,9
6300,Mono araña,Descomponedor,Tucán,Mutualismo,8,20,8
6301,Jaguar,Consumidor primario,Hormiga cortadora,Depredación,2,27,5
6302,Jaguar,Consumidor secundario,Águila harpía,Competencia,10,44,4
6303,Tucán,Consumidor primario,Anaconda,Mutualismo,2,35,2
6304,Termitas,Consumidor terciario,Venado,Depredación,8,27,3
6305,Anaconda,Productor,Anaconda,Depredación,4,19,1
6306,Jaguar,Descomponedor,Jaguar,Competencia,2,37,10
6307,Venado,Descomponedor,Boa constrictor,Descomposición,8,30,6
6308,Mono araña,Consumidor terciario,Venado,Descomposición,1,33,5
6309,Águila harpía,Consumidor terciario,Hormiga cortadora,Herbivoría,6,36,7
6310,Anaconda,Consumidor terciario,Venado,Competencia,3,5,4
6311,Jaguar,Consumidor secundario,Rana venenosa,Mutualismo,10,7,1
6312,Mono araña,Descomponedor,Tucán,Descomposición,1,27,3
6313,Anaconda,Consumidor primario,Venado,Mutualismo,5,33,4
6314,Águila harpía,Productor,Tucán,Herbivoría,8,32,10
6315,Rana venenosa,Consumidor secundario,Boa constrictor,Competencia,10,4,8
6316,Mono araña,Productor,Anaconda,Competencia,6,43,7
6317,Boa constrictor,Consumidor secundario,Águila harpía,Herbivoría,3,13,10
6318,Jaguar,Consumidor primario,Tucán,Depredación,8,44,4
6319,Águila harpía,Consumidor terciario,Jaguar,Mutualismo,1,12,6
6320,Tucán,Consumidor primario,Águila harpía,Depredación,10,14,8
6321,Hormiga cortadora,Consumidor primario,Mono araña,Herbivoría,9,49,4
6322,Boa constrictor,Consumidor primario,Anaconda,Mutualismo,4,40,8
6323,Rana venenosa,Consumidor secundario,Termitas,Mutualismo,3,23,6
6324,Termitas,Descomponedor,Anaconda,Mutualismo,5,5,3
6325,Anaconda,Consumidor secundario,Tucán,Depredación,4,41,7
6326,Tucán,Consumidor primario,Rana venenosa,Mutualismo,3,21,3
6327,Boa constrictor,Consumidor secundario,Tucán,Competencia,2,7,2
6328,Venado,Consumidor terciario,Águila harpía,Depredación,2,49,6
6329,Venado,Consumidor primario,Venado,Mutualismo,8,30,5
6330,Águila harpía,Productor,Rana venenosa,Herbivoría,3,36,8
6331,Anaconda,Consumidor terciario,Hormiga cortadora,Depredación,4,21,4
6332,Venado,Consumidor terciario,Águila harpía,Mutualismo,2,18,10
6333,Águila harpía,Consumidor primario,Águila harpía,Depredación,4,23,4
6334,Venado,Consumidor secundario,Rana venenosa,Descomposición,7,2,1
6335,Mono araña,Descomponedor,Jaguar,Descomposición,2,5,6
6336,Águila harpía,Consumidor terciario,Hormiga cortadora,Mutualismo,1,41,10
6337,Hormiga cortadora,Descomponedor,Venado,Depredación,1,38,3
6338,Termitas,Consumidor terciario,Jaguar,Competencia,10,49,1
6339,Boa constrictor,Consumidor terciario,Anaconda,Depredación,5,18,6
6340,Venado,Consumidor primario,Boa constrictor,Herbivoría,9,4,2
6341,Águila harpía,Consumidor secundario,Termitas,Depredación,4,19,10
6342,Mono araña,Consumidor primario,Boa constrictor,Competencia,6,16,6
6343,Mono araña,Consumidor primario,Águila harpía,Mutualismo,8,15,4
6344,Hormiga cortadora,Productor,Mono araña,Descomposición,2,41,10
6345,Rana venenosa,Descomponedor,Rana venenosa,Mutualismo,9,50,5
6346,Águila harpía,Consumidor secundario,Hormiga cortadora,Mutualismo,4,13,1
6347,Rana venenosa,Consumidor terciario,Hormiga cortadora,Depredación,6,25,5
6348,Venado,Consumidor secundario,Rana venenosa,Mutualismo,6,3,8
6349,Boa constrictor,Consumidor secundario,Jaguar,Descomposición,1,43,4
6350,Boa constrictor,Descomponedor,Rana venenosa,Descomposición,1,43,4
6351,Hormiga cortadora,Consumidor primario,Boa constrictor,Descomposición,10,38,5
6352,Jaguar,Productor,Hormiga cortadora,Descomposición,7,28,5
6353,Mono araña,Consumidor terciario,Venado,Descomposición,8,47,4
6354,Jaguar,Consumidor terciario,Termitas,Mutualismo,9,1,4
6355,Venado,Productor,Hormiga cortadora,Herbivoría,10,8,5
6356,Hormiga cortadora,Consumidor primario,Jaguar,Herbivoría,7,40,2
6357,Hormiga cortadora,Consumidor secundario,Termitas,Mutualismo,1,12,10
6358,Hormiga cortadora,Descomponedor,Mono araña,Depredación,8,12,9
6359,Boa constrictor,Descomponedor,Águila harpía,Mutualismo,1,37,10
6360,Anaconda,Consumidor terciario,Rana venenosa,Herbivoría,8,17,5
6361,Hormiga cortadora,Descomponedor,Jaguar,Competencia,3,50,6
6362,Termitas,Consumidor terciario,Águila harpía,Depredación,8,37,6
6363,Rana venenosa,Descomponedor,Tucán,Descomposición,1,1,10
6364,Tucán,Consumidor terciario,Termitas,Descomposición,7,28,10
6365,Mono araña,Consumidor primario,Mono araña,Descomposición,2,17,2
6366,Venado,Consumidor secundario,Termitas,Competencia,6,15,8
6367,Boa constrictor,Consumidor terciario,Hormiga cortadora,Herbivoría,7,11,6
6368,Venado,Consumidor terciario,Mono araña,Competencia,5,24,6
6369,Jaguar,Productor,Mono araña,Mutualismo,10,19,10
6370,Rana venenosa,Consumidor primario,Mono araña,Herbivoría,1,38,10
6371,Boa constrictor,Consumidor primario,Jaguar,Depredación,6,31,1
6372,Venado,Consumidor secundario,Tucán,Mutualismo,6,7,7
6373,Hormiga cortadora,Consumidor terciario,Hormiga cortadora,Descomposición,9,6,5
6374,Termitas,Consumidor primario,Rana venenosa,Competencia,7,30,9
6375,Rana venenosa,Consumidor terciario,Rana venenosa,Herbivoría,6,13,5
6376,Termitas,Descomponedor,Boa constrictor,Depredación,6,9,6
6377,Jaguar,Productor,Anaconda,Depredación,4,5,5
6378,Tucán,Consumidor primario,Anaconda,Herbivoría,3,15,10
6379,Termitas,Productor,Termitas,Depredación,7,34,5
6380,Rana venenosa,Consumidor terciario,Termitas,Herbivoría,6,25,8
6381,Mono araña,Consumidor secundario,Jaguar,Competencia,5,1,4
6382,Águila harpía,Consumidor secundario,Termitas,Competencia,8,11,3
6383,Jaguar,Consumidor terciario,Águila harpía,Depredación,9,9,5
6384,Termitas,Consumidor secundario,Águila harpía,Depredación,5,26,10
6385,Rana venenosa,Productor,Rana venenosa,Mutualismo,5,11,5
6386,Águila harpía,Consumidor terciario,Tucán,Descomposición,4,35,8
6387,Tucán,Productor,Anaconda,Descomposición,1,18,10
6388,Boa constrictor,Consumidor primario,Venado,Competencia,1,9,2
6389,Mono araña,Consumidor terciario,Águila harpía,Mutualismo,3,40,1
6390,Venado,Consumidor terciario,Termitas,Descomposición,10,25,9
6391,Jaguar,Consumidor primario,Águila harpía,Depredación,10,28,1
6392,Águila harpía,Descomponedor,Boa constrictor,Descomposición,9,28,5
6393,Termitas,Productor,Anaconda,Depredación,3,30,2
6394,Venado,Consumidor terciario,Águila harpía,Herbivoría,9,17,1
6395,Termitas,Productor,Tucán,Depredación,10,39,1
6396,Anaconda,Consumidor primario,Boa constrictor,Depredación,10,18,10
6397,Hormiga cortadora,Consumidor primario,Mono araña,Competencia,10,32,9
6398,Águila harpía,Consumidor primario,Termitas,Herbivoría,5,45,2
6399,Águila harpía,Descomponedor,Boa constrictor,Descomposición,4,30,4
6400,Boa constrictor,Consumidor secundario,Mono araña,Mutualismo,2,26,3
6401,Termitas,Consumidor secundario,Venado,Competencia,8,45,2
6402,Mono araña,Consumidor primario,Hormiga cortadora,Mutualismo,3,4,2
6403,Águila harpía,Consumidor secundario,Tucán,Mutualismo,5,28,2
6404,Rana venenosa,Descomponedor,Termitas,Competencia,3,43,5
6405,Termitas,Consumidor primario,Hormiga cortadora,Herbivoría,2,26,1
6406,Jaguar,Consumidor terciario,Tucán,Mutualismo,10,27,3
6407,Venado,Consumidor secundario,Termitas,Competencia,10,49,10
6408,Anaconda,Consumidor primario,Venado,Descomposición,3,10,8
6409,Venado,Productor,Boa constrictor,Mutualismo,9,20,8
6410,Anaconda,Descomponedor,Termitas,Competencia,5,13,3
6411,Hormiga cortadora,Productor,Boa constrictor,Descomposición,2,37,8
6412,Jaguar,Descomponedor,Rana venenosa,Descomposición,5,10,6
6413,Jaguar,Consumidor terciario,Venado,Descomposición,5,26,5
6414,Jaguar,Consumidor secundario,Termitas,Competencia,3,25,9
6415,Águila harpía,Consumidor secundario,Venado,Descomposición,4,38,10
6416,Rana venenosa,Consumidor terciario,Mono araña,Herbivoría,9,31,5
6417,Rana venenosa,Consumidor primario,Mono araña,Competencia,1,17,2
6418,Jaguar,Consumidor terciario,Tucán,Descomposición,3,46,4
6419,Termitas,Descomponedor,Jaguar,Competencia,1,35,5
6420,Boa constrictor,Descomponedor,Águila harpía,Competencia,8,26,9
6421,Tucán,Productor,Hormiga cortadora,Descomposición,1,33,5
6422,Jaguar,Consumidor terciario,Águila harpía,Herbivoría,6,26,2
6423,Termitas,Consumidor primario,Tucán,Descomposición,2,6,7
6424,Tucán,Consumidor secundario,Boa constrictor,Mutualismo,2,13,10
6425,Termitas,Productor,Rana venenosa,Herbivoría,1,45,3
6426,Jaguar,Consumidor terciario,Mono araña,Descomposición,8,1,5
6427,Rana venenosa,Consumidor terciario,Hormiga cortadora,Competencia,1,20,5
6428,Mono araña,Descomponedor,Rana venenosa,Herbivoría,8,17,8
6429,Águila harpía,Consumidor secundario,Hormiga cortadora,Competencia,3,37,5
6430,Hormiga cortadora,Consumidor primario,Termitas,Mutualismo,5,31,10
6431,Venado,Descomponedor,Anaconda,Herbivoría,1,35,5
6432,Anaconda,Consumidor terciario,Hormiga cortadora,Herbivoría,7,24,3
6433,Rana venenosa,Descomponedor,Termitas,Descomposición,7,41,4
6434,Anaconda,Productor,Venado,Descomposición,1,36,5
6435,Mono araña,Productor,Águila harpía,Depredación,4,23,2
6436,Tucán,Descomponedor,Hormiga cortadora,Mutualismo,5,34,9
6437,Tucán,Consumidor terciario,Jaguar,Depredación,8,27,2
6438,Jaguar,Consumidor secundario,Hormiga cortadora,Depredación,8,25,9
6439,Rana venenosa,Productor,Tucán,Depredación,9,13,10
6440,Hormiga cortadora,Consumidor primario,Mono araña,Depredación,3,39,2
6441,Jaguar,Descomponedor,Águila harpía,Mutualismo,6,31,9
6442,Rana venenosa,Productor,Venado,Herbivoría,6,6,4
6443,Termitas,Productor,Venado,Mutualismo,6,39,9
6444,Hormiga cortadora,Productor,Venado,Mutualismo,6,50,1
6445,Mono araña,Descomponedor,Boa constrictor,Competencia,4,11,3
6446,Anaconda,Descomponedor,Hormiga cortadora,Mutualismo,4,29,4
6447,Termitas,Productor,Jaguar,Descomposición,1,13,7
6448,Águila harpía,Consumidor secundario,Rana venenosa,Competencia,3,14,9
6449,Mono araña,Productor,Termitas,Herbivoría,5,23,10
6450,Hormiga cortadora,Productor,Termitas,Competencia,10,5,3
6451,Boa constrictor,Descomponedor,Termitas,Depredación,4,33,6
6452,Rana venenosa,Consumidor secundario,Mono araña,Descomposición,1,46,5
6453,Tucán,Descomponedor,Hormiga cortadora,Herbivoría,6,49,8
6454,Rana venenosa,Consumidor primario,Mono araña,Mutualismo,2,37,8
6455,Venado,Consumidor secundario,Hormiga cortadora,Depredación,7,31,10
6456,Venado,Consumidor primario,Jaguar,Depredación,2,2,7
6457,Mono araña,Consumidor secundario,Jaguar,Descomposición,9,50,2
6458,Tucán,Consumidor terciario,Termitas,Depredación,3,26,9
6459,Anaconda,Descomponedor,Termitas,Competencia,1,36,1
6460,Hormiga cortadora,Descomponedor,Rana venenosa,Descomposición,7,12,5
6461,Boa constrictor,Consumidor primario,Tucán,Depredación,9,2,9
6462,Rana venenosa,Productor,Mono araña,Mutualismo,8,25,5
6463,Tucán,Consumidor secundario,Rana venenosa,Descomposición,3,6,1
6464,Jaguar,Consumidor terciario,Águila harpía,Descomposición,5,2,3
6465,Águila harpía,Consumidor secundario,Anaconda,Competencia,7,23,5
6466,Mono araña,Consumidor secundario,Rana venenosa,Depredación,1,11,5
6467,Hormiga cortadora,Consumidor secundario,Anaconda,Competencia,5,25,1
6468,Mono araña,Descomponedor,Hormiga cortadora,Descomposición,5,21,9
6469,Termitas,Consumidor primario,Rana venenosa,Mutualismo,3,37,7
6470,Boa constrictor,Productor,Boa constrictor,Herbivoría,10,50,6
6471,Jaguar,Consumidor secundario,Venado,Descomposición,1,31,9
6472,Venado,Consumidor primario,Hormiga cortadora,Herbivoría,7,49,5
6473,Hormiga cortadora,Consumidor secundario,Anaconda,Depredación,4,36,9
6474,Boa constrictor,Productor,Hormiga cortadora,Descomposición,6,35,4
6475,Tucán,Productor,Anaconda,Competencia,7,39,5
6476,Venado,Descomponedor,Termitas,Competencia,2,39,3
6477,Águila harpía,Descomponedor,Mono araña,Mutualismo,10,24,8
6478,Termitas,Consumidor secundario,Mono araña,Depredación,10,50,8
6479,Águila harpía,Descomponedor,Águila harpía,Competencia,8,7,8
6480,Águila harpía,Consumidor secundario,Jaguar,Depredación,5,15,6
6481,Águila harpía,Consumidor secundario,Rana venenosa,Herbivoría,3,37,8
6482,Tucán,Descomponedor,Jaguar,Descomposición,6,34,2
6483,Jaguar,Descomponedor,Venado,Herbivoría,2,33,10
6484,Rana venenosa,Consumidor secundario,Hormiga cortadora,Depredación,1,37,4
6485,Termitas,Productor,Rana venenosa,Depredación,9,14,5
6486,Mono araña,Consumidor secundario,Águila harpía,Mutualismo,1,6,3
6487,Mono araña,Consumidor secundario,Anaconda,Depredación,10,33,8
6488,Boa constrictor,Descomponedor,Anaconda,Mutualismo,10,37,4
6489,Hormiga cortadora,Consumidor secundario,Rana venenosa,Competencia,1,48,8
6490,Hormiga cortadora,Productor,Termitas,Descomposición,2,38,9
6491,Hormiga cortadora,Descomponedor,Jaguar,Herbivoría,7,5,8
6492,Anaconda,Consumidor primario,Mono araña,Mutualismo,9,9,4
6493,Hormiga cortadora,Descomponedor,Mono araña,Herbivoría,6,4,1
6494,Boa constrictor,Descomponedor,Rana venenosa,Depredación,8,6,2
6495,Jaguar,Consumidor terciario,Venado,Descomposición,7,24,6
6496,Boa constrictor,Productor,Anaconda,Herbivoría,10,3,2
6497,Venado,Productor,Hormiga cortadora,Competencia,1,5,9
6498,Hormiga cortadora,Consumidor primario,Jaguar,Competencia,3,18,10
6499,Mono araña,Productor,Águila harpía,Herbivoría,6,43,2
6500,Águila harpía,Consumidor secundario,Termitas,Herbivoría,3,38,4
6501,Rana venenosa,Descomponedor,Anaconda,Mutualismo,8,29,9
6502,Boa constrictor,Descomponedor,Águila harpía,Competencia,9,20,2
6503,Termitas,Consumidor secundario,Jaguar,Competencia,1,6,6
6504,Águila harpía,Consumidor terciario,Tucán,Descomposición,4,28,6
6505,Águila harpía,Descomponedor,Termitas,Depredación,8,12,8
6506,Anaconda,Productor,Boa constrictor,Depredación,9,38,3
6507,Tucán,Consumidor terciario,Venado,Herbivoría,5,31,2
6508,Hormiga cortadora,Consumidor terciario,Águila harpía,Competencia,4,42,9
6509,Águila harpía,Consumidor primario,Termitas,Competencia,6,27,8
6510,Boa constrictor,Consumidor secundario,Tucán,Descomposición,4,12,4
6511,Anaconda,Consumidor primario,Tucán,Herbivoría,1,47,2
6512,Anaconda,Consumidor terciario,Termitas,Descomposición,4,19,3
6513,Venado,Consumidor primario,Termitas,Herbivoría,5,25,1
6514,Rana venenosa,Consumidor primario,Águila harpía,Competencia,2,26,8
6515,Rana venenosa,Descomponedor,Mono araña,Herbivoría,1,31,10
6516,Jaguar,Descomponedor,Termitas,Mutualismo,10,7,4
6517,Anaconda,Consumidor secundario,Boa constrictor,Mutualismo,7,44,4
6518,Águila harpía,Consumidor primario,Mono araña,Herbivoría,10,6,10
6519,Boa constrictor,Consumidor primario,Hormiga cortadora,Herbivoría,8,1,1
6520,Águila harpía,Consumidor terciario,Hormiga cortadora,Herbivoría,6,21,6
6521,Mono araña,Consumidor primario,Boa constrictor,Depredación,5,2,7
6522,Águila harpía,Consumidor terciario,Termitas,Mutualismo,9,34,5
6523,Rana venenosa,Consumidor terciario,Anaconda,Depredación,1,3,7
6524,Mono araña,Consumidor terciario,Anaconda,Herbivoría,7,15,3
6525,Boa constrictor,Productor,Boa constrictor,Mutualismo,2,1,10
6526,Mono araña,Consumidor primario,Jaguar,Mutualismo,7,32,6
6527,Tucán,Consumidor terciario,Hormiga cortadora,Herbivoría,4,10,9
6528,Boa constrictor,Consumidor secundario,Hormiga cortadora,Descomposición,2,42,4
6529,Rana venenosa,Consumidor terciario,Venado,Descomposición,9,34,5
6530,Mono araña,Consumidor secundario,Águila harpía,Depredación,6,44,3
6531,Tucán,Productor,Águila harpía,Herbivoría,8,8,5
6532,Hormiga cortadora,Consumidor terciario,Mono araña,Descomposición,6,24,2
6533,Boa constrictor,Consumidor secundario,Tucán,Competencia,8,38,2
6534,Venado,Productor,Termitas,Mutualismo,6,10,8
6535,Mono araña,Descomponedor,Boa constrictor,Competencia,1,48,7
6536,Anaconda,Productor,Tucán,Competencia,7,23,8
6537,Hormiga cortadora,Descomponedor,Tucán,Mutualismo,2,23,8
6538,Rana venenosa,Consumidor secundario,Jaguar,Mutualismo,5,13,2
6539,Jaguar,Consumidor secundario,Hormiga cortadora,Competencia,2,28,7
6540,Jaguar,Consumidor primario,Venado,Competencia,6,50,7
6541,Termitas,Descomponedor,Mono araña,Depredación,4,6,6
6542,Jaguar,Descomponedor,Venado,Descomposición,8,8,5
6543,Rana venenosa,Consumidor primario,Boa constrictor,Descomposición,3,22,1
6544,Venado,Descomponedor,Rana venenosa,Herbivoría,8,5,5
6545,Jaguar,Descomponedor,Mono araña,Depredación,9,4,9
6546,Jaguar,Productor,Águila harpía,Competencia,4,19,5
6547,Termitas,Consumidor primario,Jaguar,Herbivoría,9,44,7
6548,Hormiga cortadora,Consumidor secundario,Termitas,Descomposición,8,10,7
6549,Anaconda,Consumidor primario,Termitas,Competencia,1,11,7
6550,Mono araña,Consumidor terciario,Venado,Descomposición,9,43,7
6551,Termitas,Productor,Boa constrictor,Depredación,8,33,10
6552,Rana venenosa,Consumidor secundario,Anaconda,Descomposición,3,30,7
6553,Hormiga cortadora,Descomponedor,Rana venenosa,Herbivoría,7,2,1
6554,Boa constrictor,Descomponedor,Termitas,Herbivoría,1,10,3
6555,Mono araña,Consumidor terciario,Termitas,Herbivoría,9,6,4
6556,Venado,Consumidor terciario,Mono araña,Mutualismo,10,19,6
6557,Boa constrictor,Productor,Águila harpía,Descomposición,2,39,3
6558,Águila harpía,Consumidor primario,Anaconda,Mutualismo,2,44,7
6559,Mono araña,Productor,Boa constrictor,Depredación,4,43,6
6560,Hormiga cortadora,Productor,Termitas,Herbivoría,4,26,9
6561,Águila harpía,Descomponedor,Anaconda,Mutualismo,5,39,2
6562,Águila harpía,Consumidor primario,Boa constrictor,Depredación,9,49,9
6563,Mono araña,Consumidor primario,Tucán,Mutualismo,1,41,9
6564,Hormiga cortadora,Productor,Boa constrictor,Competencia,10,30,5
6565,Mono araña,Descomponedor,Jaguar,Descomposición,5,21,4
6566,Tucán,Productor,Anaconda,Mutualismo,9,6,8
6567,Boa constrictor,Consumidor primario,Anaconda,Competencia,7,30,9
6568,Venado,Consumidor secundario,Águila harpía,Competencia,5,6,4
6569,Mono araña,Productor,Tucán,Descomposición,6,28,6
6570,Jaguar,Descomponedor,Jaguar,Competencia,6,50,9
6571,Águila harpía,Productor,Venado,Depredación,1,40,3
6572,Venado,Consumidor terciario,Boa constrictor,Herbivoría,2,26,2
6573,Boa constrictor,Descomponedor,Venado,Depredación,2,7,3
6574,Mono araña,Consumidor terciario,Jaguar,Herbivoría,3,30,5
6575,Boa constrictor,Consumidor secundario,Rana venenosa,Competencia,3,31,10
6576,Hormiga cortadora,Consumidor primario,Anaconda,Depredación,9,30,7
6577,Termitas,Consumidor secundario,Jaguar,Descomposición,4,23,7
6578,Mono araña,Consumidor primario,Venado,Herbivoría,5,3,5
6579,Hormiga cortadora,Consumidor secundario,Águila harpía,Mutualismo,8,8,5
6580,Águila harpía,Productor,Hormiga cortadora,Mutualismo,8,26,1
6581,Hormiga cortadora,Descomponedor,Boa constrictor,Mutualismo,9,35,1
6582,Águila harpía,Consumidor terciario,Tucán,Descomposición,7,11,5
6583,Venado,Productor,Mono araña,Depredación,4,3,1
6584,Mono araña,Consumidor primario,Jaguar,Depredación,7,12,10
6585,Venado,Consumidor primario,Anaconda,Mutualismo,6,41,10
6586,Hormiga cortadora,Consumidor secundario,Boa constrictor,Competencia,6,45,3
6587,Hormiga cortadora,Consumidor terciario,Tucán,Competencia,10,3,1
6588,Boa constrictor,Consumidor primario,Hormiga cortadora,Descomposición,10,49,9
6589,Mono araña,Consumidor primario,Rana venenosa,Depredación,10,19,6
6590,Venado,Consumidor terciario,Águila harpía,Competencia,5,45,8
6591,Venado,Consumidor secundario,Boa constrictor,Descomposición,8,39,5
6592,Tucán,Consumidor secundario,Mono araña,Herbivoría,5,17,1
6593,Mono araña,Consumidor primario,Boa constrictor,Competencia,8,7,5
6594,Venado,Productor,Águila harpía,Depredación,7,12,8
6595,Venado,Productor,Rana venenosa,Competencia,7,45,1
6596,Termitas,Consumidor secundario,Mono araña,Depredación,5,44,1
6597,Tucán,Productor,Águila harpía,Mutualismo,1,26,3
6598,Anaconda,Consumidor terciario,Termitas,Mutualismo,8,11,1
6599,Tucán,Consumidor primario,Tucán,Descomposición,9,6,6
6600,Mono araña,Productor,Mono araña,Herbivoría,1,45,6
6601,Venado,Consumidor primario,Anaconda,Competencia,3,44,3
6602,Boa constrictor,Descomponedor,Rana venenosa,Descomposición,4,46,8
6603,Águila harpía,Descomponedor,Tucán,Herbivoría,10,6,10
6604,Anaconda,Consumidor primario,Jaguar,Depredación,4,22,3
6605,Anaconda,Consumidor primario,Águila harpía,Depredación,3,23,3
6606,Anaconda,Consumidor primario,Mono araña,Depredación,1,48,7
6607,Hormiga cortadora,Productor,Boa constrictor,Mutualismo,6,37,2
6608,Hormiga cortadora,Consumidor primario,Jaguar,Mutualismo,3,6,1
6609,Venado,Descomponedor,Venado,Mutualismo,1,49,8
6610,Rana venenosa,Descomponedor,Rana venenosa,Depredación,2,7,8
6611,Hormiga cortadora,Descomponedor,Jaguar,Competencia,5,29,1
6612,Anaconda,Productor,Jaguar,Depredación,10,25,9
6613,Anaconda,Descomponedor,Jaguar,Mutualismo,6,21,1
6614,Boa constrictor,Descomponedor,Hormiga cortadora,Competencia,5,28,8
6615,Termitas,Consumidor primario,Rana venenosa,Descomposición,2,1,8
6616,Termitas,Consumidor secundario,Tucán,Depredación,10,50,8
6617,Águila harpía,Descomponedor,Termitas,Herbivoría,8,49,8
6618,Jaguar,Descomponedor,Anaconda,Competencia,1,49,8
6619,Mono araña,Consumidor primario,Venado,Descomposición,4,42,7
6620,Termitas,Descomponedor,Tucán,Mutualismo,9,41,2
6621,Tucán,Consumidor secundario,Mono araña,Herbivoría,1,36,6
6622,Rana venenosa,Consumidor terciario,Tucán,Descomposición,3,47,10
6623,Jaguar,Consumidor terciario,Anaconda,Herbivoría,2,1,10
6624,Hormiga cortadora,Descomponedor,Jaguar,Descomposición,2,1,6
6625,Anaconda,Consumidor terciario,Tucán,Mutualismo,8,13,5
6626,Boa constrictor,Consumidor primario,Tucán,Descomposición,1,9,1
6627,Hormiga cortadora,Consumidor primario,Hormiga cortadora,Competencia,6,24,5
6628,Tucán,Consumidor secundario,Rana venenosa,Depredación,9,21,7
6629,Venado,Consumidor secundario,Águila harpía,Depredación,5,43,3
6630,Mono araña,Consumidor secundario,Anaconda,Herbivoría,4,1,4
6631,Boa constrictor,Consumidor secundario,Águila harpía,Competencia,1,9,7
6632,Tucán,Consumidor primario,Boa constrictor,Depredación,5,23,2
6633,Termitas,Consumidor secundario,Jaguar,Depredación,3,6,6
6634,Tucán,Productor,Águila harpía,Herbivoría,3,14,5
6635,Tucán,Consumidor primario,Boa constrictor,Depredación,1,39,3
6636,Termitas,Consumidor secundario,Anaconda,Mutualismo,2,27,2
6637,Tucán,Consumidor primario,Boa constrictor,Competencia,3,19,10
6638,Venado,Consumidor terciario,Águila harpía,Depredación,4,35,10
6639,Termitas,Consumidor secundario,Mono araña,Depredación,5,42,2
6640,Termitas,Consumidor secundario,Anaconda,Mutualismo,10,34,8
6641,Boa constrictor,Consumidor secundario,Tucán,Competencia,4,40,9
6642,Hormiga cortadora,Productor,Rana venenosa,Competencia,7,31,1
6643,Mono araña,Descomponedor,Boa constrictor,Depredación,10,33,10
6644,Anaconda,Consumidor terciario,Águila harpía,Herbivoría,10,21,6
6645,Anaconda,Consumidor primario,Boa constrictor,Depredación,1,23,6
6646,Venado,Productor,Termitas,Herbivoría,7,11,5
6647,Mono araña,Consumidor secundario,Tucán,Herbivoría,8,24,4
6648,Águila harpía,Productor,Tucán,Herbivoría,10,20,1
6649,Rana venenosa,Consumidor terciario,Anaconda,Mutualismo,3,49,5
6650,Termitas,Productor,Anaconda,Descomposición,5,38,3
6651,Venado,Productor,Termitas,Competencia,1,43,6
6652,Rana venenosa,Productor,Jaguar,Mutualismo,9,36,1
6653,Mono araña,Consumidor primario,Anaconda,Competencia,9,2,7
6654,Rana venenosa,Consumidor secundario,Anaconda,Descomposición,7,14,7
6655,Termitas,Consumidor terciario,Águila harpía,Herbivoría,8,18,7
6656,Termitas,Productor,Termitas,Mutualismo,7,11,6
6657,Hormiga cortadora,Productor,Venado,Competencia,7,5,7
6658,Águila harpía,Descomponedor,Rana venenosa,Depredación,1,39,1
6659,Jaguar,Consumidor primario,Tucán,Herbivoría,4,9,5
6660,Mono araña,Descomponedor,Rana venenosa,Depredación,1,37,8
6661,Anaconda,Consumidor terciario,Boa constrictor,Descomposición,5,24,7
6662,Mono araña,Consumidor secundario,Venado,Mutualismo,4,6,5
6663,Boa constrictor,Consumidor primario,Boa constrictor,Herbivoría,8,25,6
6664,Boa constrictor,Productor,Anaconda,Descomposición,9,8,6
6665,Anaconda,Consumidor secundario,Boa constrictor,Competencia,5,28,4
6666,Hormiga cortadora,Productor,Jaguar,Mutualismo,3,2,10
6667,Jaguar,Consumidor terciario,Termitas,Mutualismo,10,4,1
6668,Jaguar,Productor,Termitas,Mutualismo,5,41,1
6669,Termitas,Descomponedor,Rana venenosa,Competencia,2,47,1
6670,Anaconda,Productor,Hormiga cortadora,Herbivoría,8,46,9
6671,Mono araña,Consumidor secundario,Tucán,Descomposición,9,15,1
6672,Rana venenosa,Productor,Hormiga cortadora,Competencia,7,6,9
6673,Águila harpía,Consumidor terciario,Anaconda,Herbivoría,5,14,1
6674,Tucán,Productor,Mono araña,Depredación,4,31,7
6675,Anaconda,Productor,Jaguar,Descomposición,4,39,10
6676,Boa constrictor,Consumidor terciario,Tucán,Descomposición,5,29,5
6677,Venado,Consumidor secundario,Hormiga cortadora,Competencia,1,49,7
6678,Mono araña,Consumidor primario,Anaconda,Herbivoría,9,28,6
6679,Hormiga cortadora,Consumidor terciario,Jaguar,Depredación,5,47,6
6680,Rana venenosa,Consumidor secundario,Jaguar,Descomposición,10,3,4
6681,Hormiga cortadora,Productor,Hormiga cortadora,Competencia,2,48,6
6682,Águila harpía,Consumidor secundario,Boa constrictor,Competencia,2,11,7
6683,Hormiga cortadora,Consumidor primario,Águila harpía,Herbivoría,7,2,10
6684,Mono araña,Consumidor secundario,Rana venenosa,Mutualismo,5,23,9
6685,Águila harpía,Consumidor terciario,Jaguar,Herbivoría,7,5,3
6686,Águila harpía,Productor,Mono araña,Competencia,6,33,10
6687,Hormiga cortadora,Descomponedor,Hormiga cortadora,Depredación,4,4,2
6688,Venado,Descomponedor,Águila harpía,Mutualismo,2,35,9
6689,Termitas,Consumidor secundario,Hormiga cortadora,Mutualismo,6,17,1
6690,Anaconda,Consumidor terciario,Venado,Competencia,2,12,2
6691,Jaguar,Consumidor secundario,Tucán,Descomposición,10,35,9
6692,Venado,Descomponedor,Venado,Herbivoría,5,36,6
6693,Mono araña,Consumidor terciario,Venado,Mutualismo,10,8,2
6694,Jaguar,Consumidor primario,Termitas,Mutualismo,3,5,4
6695,Boa constrictor,Consumidor secundario,Boa constrictor,Depredación,7,8,8
6696,Tucán,Consumidor terciario,Venado,Mutualismo,5,14,6
6697,Rana venenosa,Consumidor terciario,Jaguar,Depredación,6,50,2
6698,Boa constrictor,Productor,Jaguar,Depredación,4,22,2
6699,Venado,Productor,Rana venenosa,Depredación,3,24,3
6700,Rana venenosa,Descomponedor,Águila harpía,Competencia,4,16,1
6701,Hormiga cortadora,Productor,Venado,Competencia,3,36,2
6702,Venado,Consumidor primario,Tucán,Descomposición,6,38,3
6703,Anaconda,Consumidor terciario,Águila harpía,Mutualismo,2,5,10
6704,Termitas,Consumidor secundario,Venado,Competencia,7,49,4
6705,Tucán,Consumidor primario,Termitas,Descomposición,2,18,1
6706,Hormiga cortadora,Consumidor primario,Águila harpía,Herbivoría,8,1,10
6707,Venado,Descomponedor,Jaguar,Competencia,5,38,4
6708,Mono araña,Consumidor secundario,Tucán,Mutualismo,10,7,10
6709,Mono araña,Descomponedor,Venado,Descomposición,1,15,2
6710,Rana venenosa,Consumidor primario,Jaguar,Competencia,10,11,1
6711,Águila harpía,Descomponedor,Anaconda,Competencia,4,25,10
6712,Hormiga cortadora,Consumidor terciario,Águila harpía,Descomposición,6,36,2
6713,Jaguar,Consumidor terciario,Boa constrictor,Depredación,6,27,3
6714,Mono araña,Consumidor primario,Tucán,Mutualismo,8,8,4
6715,Hormiga cortadora,Productor,Jaguar,Descomposición,7,6,4
6716,Venado,Consumidor primario,Tucán,Depredación,3,2,5
6717,Rana venenosa,Descomponedor,Tucán,Descomposición,2,13,4
6718,Jaguar,Consumidor primario,Jaguar,Competencia,2,31,2
6719,Hormiga cortadora,Productor,Venado,Depredación,3,23,10
6720,Boa constrictor,Productor,Águila harpía,Mutualismo,10,35,5
6721,Hormiga cortadora,Productor,Termitas,Descomposición,8,2,9
6722,Hormiga cortadora,Descomponedor,Águila harpía,Competencia,8,8,2
6723,Boa constrictor,Consumidor primario,Termitas,Descomposición,2,47,3
6724,Boa constrictor,Descomponedor,Anaconda,Competencia,1,15,2
6725,Mono araña,Productor,Boa constrictor,Mutualismo,9,18,2
6726,Anaconda,Consumidor secundario,Rana venenosa,Descomposición,9,42,5
6727,Termitas,Productor,Rana venenosa,Descomposición,2,48,3
6728,Rana venenosa,Consumidor secundario,Anaconda,Depredación,6,9,4
6729,Termitas,Consumidor terciario,Mono araña,Descomposición,3,16,7
6730,Hormiga cortadora,Descomponedor,Venado,Mutualismo,6,49,1
6731,Águila harpía,Consumidor primario,Anaconda,Depredación,9,30,5
6732,Anaconda,Consumidor terciario,Hormiga cortadora,Depredación,6,46,10
6733,Mono araña,Descomponedor,Rana venenosa,Mutualismo,7,37,6
6734,Boa constrictor,Descomponedor,Rana venenosa,Competencia,10,30,8
6735,Mono araña,Consumidor primario,Boa constrictor,Herbivoría,7,4,4
6736,Termitas,Consumidor primario,Anaconda,Descomposición,1,28,4
6737,Venado,Consumidor terciario,Boa constrictor,Mutualismo,7,15,4
6738,Boa constrictor,Productor,Rana venenosa,Depredación,9,21,5
6739,Hormiga cortadora,Descomponedor,Termitas,Mutualismo,10,16,10
6740,Termitas,Consumidor secundario,Jaguar,Herbivoría,6,40,9
6741,Mono araña,Consumidor terciario,Tucán,Herbivoría,10,4,3
6742,Jaguar,Consumidor terciario,Rana venenosa,Mutualismo,7,25,4
6743,Venado,Consumidor primario,Anaconda,Descomposición,3,38,1
6744,Anaconda,Consumidor terciario,Jaguar,Competencia,10,7,1
6745,Águila harpía,Productor,Venado,Depredación,6,19,2
6746,Termitas,Consumidor primario,Rana venenosa,Mutualismo,10,5,8
6747,Anaconda,Consumidor secundario,Hormiga cortadora,Herbivoría,5,3,2
6748,Boa constrictor,Consumidor terciario,Termitas,Depredación,4,44,10
6749,Mono araña,Consumidor terciario,Termitas,Herbivoría,3,7,4
6750,Hormiga cortadora,Consumidor primario,Tucán,Descomposición,1,38,9
6751,Tucán,Consumidor primario,Mono araña,Competencia,9,41,8
6752,Venado,Consumidor secundario,Hormiga cortadora,Depredación,8,25,9
6753,Rana venenosa,Consumidor secundario,Jaguar,Mutualismo,6,15,1
6754,Águila harpía,Consumidor primario,Mono araña,Herbivoría,3,43,3
6755,Venado,Consumidor terciario,Hormiga cortadora,Depredación,9,45,8
6756,Boa constrictor,Descomponedor,Boa constrictor,Depredación,9,44,3
6757,Mono araña,Productor,Venado,Mutualismo,9,31,10
6758,Hormiga cortadora,Productor,Águila harpía,Depredación,8,23,8
6759,Mono araña,Consumidor primario,Tucán,Depredación,5,3,10
6760,Mono araña,Consumidor primario,Hormiga cortadora,Herbivoría,9,11,10
6761,Jaguar,Productor,Anaconda,Herbivoría,6,14,9
6762,Mono araña,Consumidor secundario,Termitas,Mutualismo,8,38,5
6763,Anaconda,Descomponedor,Jaguar,Descomposición,9,27,9
6764,Tucán,Consumidor terciario,Jaguar,Depredación,2,8,10
6765,Anaconda,Descomponedor,Mono araña,Descomposición,1,42,3
6766,Águila harpía,Consumidor terciario,Venado,Mutualismo,2,29,1
6767,Boa constrictor,Consumidor secundario,Venado,Herbivoría,4,2,8
6768,Águila harpía,Consumidor terciario,Rana venenosa,Herbivoría,7,14,8
6769,Boa constrictor,Consumidor terciario,Hormiga cortadora,Descomposición,9,19,8
6770,Anaconda,Consumidor secundario,Águila harpía,Mutualismo,4,35,5
6771,Boa constrictor,Consumidor secundario,Jaguar,Descomposición,5,27,8
6772,Jaguar,Descomponedor,Termitas,Competencia,4,6,3
6773,Rana venenosa,Descomponedor,Hormiga cortadora,Competencia,3,4,2
6774,Termitas,Consumidor secundario,Mono araña,Competencia,7,11,1
6775,Anaconda,Descomponedor,Mono araña,Herbivoría,2,16,8
6776,Jaguar,Descomponedor,Jaguar,Descomposición,2,5,1
6777,Tucán,Consumidor terciario,Anaconda,Mutualismo,8,35,4
6778,Anaconda,Consumidor secundario,Anaconda,Depredación,10,23,4
6779,Tucán,Descomponedor,Anaconda,Depredación,2,34,4
6780,Mono araña,Descomponedor,Venado,Descomposición,3,26,3
6781,Boa constrictor,Consumidor primario,Mono araña,Mutualismo,3,11,8
6782,Boa constrictor,Descomponedor,Mono araña,Herbivoría,8,29,8
6783,Hormiga cortadora,Consumidor secundario,Jaguar,Mutualismo,9,36,3
6784,Boa constrictor,Productor,Anaconda,Depredación,7,31,7
6785,Águila harpía,Consumidor terciario,Mono araña,Descomposición,4,2,10
6786,Tucán,Consumidor primario,Jaguar,Competencia,10,5,2
6787,Rana venenosa,Productor,Hormiga cortadora,Depredación,7,21,9
6788,Mono araña,Descomponedor,Venado,Herbivoría,5,21,7
6789,Anaconda,Productor,Hormiga cortadora,Descomposición,2,12,4
6790,Águila harpía,Productor,Mono araña,Mutualismo,2,6,9
6791,Águila harpía,Consumidor primario,Termitas,Herbivoría,3,22,1
6792,Águila harpía,Consumidor secundario,Hormiga cortadora,Depredación,6,24,6
6793,Boa constrictor,Descomponedor,Águila harpía,Mutualismo,4,26,7
6794,Boa constrictor,Descomponedor,Hormiga cortadora,Competencia,1,29,7
6795,Jaguar,Descomponedor,Tucán,Competencia,8,37,6
6796,Águila harpía,Consumidor secundario,Jaguar,Competencia,10,29,8
6797,Rana venenosa,Consumidor primario,Boa constrictor,Mutualismo,10,6,3
6798,Termitas,Consumidor secundario,Venado,Depredación,2,20,8
6799,Termitas,Consumidor primario,Venado,Depredación,2,42,4
6800,Águila harpía,Consumidor primario,Tucán,Competencia,2,46,4
6801,Jaguar,Descomponedor,Anaconda,Herbivoría,2,11,10
6802,Venado,Descomponedor,Boa constrictor,Competencia,6,2,2
6803,Tucán,Consumidor primario,Rana venenosa,Competencia,9,31,2
6804,Anaconda,Descomponedor,Águila harpía,Herbivoría,7,4,8
6805,Jaguar,Consumidor secundario,Jaguar,Descomposición,7,35,1
6806,Tucán,Productor,Hormiga cortadora,Mutualismo,7,18,9
6807,Boa constrictor,Descomponedor,Anaconda,Mutualismo,7,11,8
6808,Jaguar,Productor,Tucán,Depredación,7,24,9
6809,Termitas,Consumidor primario,Rana venenosa,Competencia,9,7,8
6810,Águila harpía,Consumidor secundario,Rana venenosa,Competencia,1,28,9
6811,Boa constrictor,Descomponedor,Boa constrictor,Mutualismo,8,13,5
6812,Anaconda,Consumidor terciario,Tucán,Descomposición,9,19,10
6813,Termitas,Descomponedor,Mono araña,Herbivoría,9,28,5
6814,Tucán,Consumidor secundario,Águila harpía,Depredación,3,28,10
6815,Jaguar,Descomponedor,Anaconda,Mutualismo,2,1,6
6816,Termitas,Consumidor primario,Águila harpía,Herbivoría,1,26,5
6817,Termitas,Descomponedor,Águila harpía,Competencia,9,41,7
6818,Tucán,Descomponedor,Águila harpía,Competencia,7,44,9
6819,Águila harpía,Consumidor secundario,Hormiga cortadora,Competencia,4,22,6
6820,Águila harpía,Consumidor primario,Mono araña,Herbivoría,1,10,6
6821,Águila harpía,Productor,Rana venenosa,Depredación,7,4,10
6822,Termitas,Consumidor primario,Termitas,Herbivoría,5,48,8
6823,Venado,Consumidor secundario,Hormiga cortadora,Competencia,10,44,6
6824,Jaguar,Descomponedor,Jaguar,Descomposición,1,11,2
6825,Águila harpía,Consumidor secundario,Venado,Descomposición,9,36,6
6826,Termitas,Consumidor primario,Rana venenosa,Competencia,9,1,1
6827,Termitas,Productor,Águila harpía,Mutualismo,5,48,8
6828,Anaconda,Descomponedor,Águila harpía,Herbivoría,9,16,7
6829,Tucán,Consumidor primario,Boa constrictor,Mutualismo,5,28,4
6830,Mono araña,Consumidor terciario,Hormiga cortadora,Depredación,6,48,3
6831,Mono araña,Descomponedor,Hormiga cortadora,Herbivoría,7,48,7
6832,Anaconda,Consumidor primario,Águila harpía,Depredación,2,33,2
6833,Venado,Productor,Tucán,Descomposición,7,26,2
6834,Rana venenosa,Consumidor terciario,Termitas,Mutualismo,5,42,5
6835,Termitas,Consumidor terciario,Mono araña,Depredación,4,37,4
6836,Anaconda,Consumidor terciario,Boa constrictor,Descomposición,5,15,1
6837,Anaconda,Consumidor secundario,Anaconda,Competencia,8,19,2
6838,Hormiga cortadora,Consumidor primario,Boa constrictor,Depredación,6,32,3
6839,Mono araña,Productor,Águila harpía,Mutualismo,2,42,1
6840,Jaguar,Consumidor secundario,Anaconda,Mutualismo,4,10,3
6841,Venado,Descomponedor,Rana venenosa,Herbivoría,2,12,5
6842,Jaguar,Consumidor terciario,Termitas,Descomposición,8,23,7
6843,Águila harpía,Consumidor terciario,Rana venenosa,Descomposición,2,34,5
6844,Águila harpía,Productor,Jaguar,Competencia,7,7,10
6845,Mono araña,Descomponedor,Boa constrictor,Competencia,10,16,1
6846,Mono araña,Consumidor secundario,Venado,Depredación,5,42,4
6847,Hormiga cortadora,Productor,Jaguar,Descomposición,9,46,3
6848,Águila harpía,Consumidor secundario,Águila harpía,Herbivoría,4,38,6
6849,Mono araña,Consumidor secundario,Venado,Competencia,10,1,5
6850,Venado,Descomponedor,Venado,Competencia,9,10,9
6851,Termitas,Productor,Boa constrictor,Herbivoría,1,46,9
6852,Venado,Consumidor primario,Termitas,Herbivoría,10,1,9
6853,Anaconda,Descomponedor,Termitas,Descomposición,3,12,4
6854,Mono araña,Consumidor primario,Hormiga cortadora,Herbivoría,2,43,2
6855,Jaguar,Consumidor secundario,Boa constrictor,Herbivoría,8,41,7
6856,Jaguar,Consumidor primario,Termitas,Descomposición,4,44,7
6857,Mono araña,Consumidor terciario,Jaguar,Mutualismo,6,50,1
6858,Termitas,Consumidor secundario,Águila harpía,Herbivoría,6,50,6
6859,Anaconda,Consumidor secundario,Boa constrictor,Competencia,8,26,9
6860,Águila harpía,Consumidor primario,Venado,Depredación,4,24,10
6861,Rana venenosa,Productor,Tucán,Competencia,3,5,7
6862,Tucán,Consumidor primario,Anaconda,Descomposición,8,41,5
6863,Venado,Consumidor terciario,Rana venenosa,Mutualismo,6,44,2
6864,Tucán,Productor,Anaconda,Depredación,4,26,4
6865,Tucán,Productor,Anaconda,Descomposición,2,7,1
6866,Venado,Consumidor primario,Tucán,Competencia,7,16,7
6867,Rana venenosa,Consumidor terciario,Águila harpía,Mutualismo,8,50,6
6868,Termitas,Consumidor primario,Tucán,Mutualismo,3,34,7
6869,Venado,Consumidor primario,Rana venenosa,Depredación,5,38,6
6870,Rana venenosa,Consumidor secundario,Mono araña,Descomposición,4,40,4
6871,Águila harpía,Productor,Tucán,Descomposición,4,15,2
6872,Rana venenosa,Consumidor secundario,Mono araña,Mutualismo,7,37,6
6873,Anaconda,Consumidor primario,Águila harpía,Depredación,4,14,9
6874,Águila harpía,Productor,Tucán,Mutualismo,9,41,5
6875,Águila harpía,Descomponedor,Hormiga cortadora,Depredación,6,17,10
6876,Hormiga cortadora,Productor,Jaguar,Competencia,1,50,10
6877,Termitas,Consumidor secundario,Venado,Depredación,9,33,10
6878,Termitas,Productor,Anaconda,Competencia,5,18,8
6879,Hormiga cortadora,Consumidor terciario,Tucán,Depredación,7,11,1
6880,Jaguar,Consumidor terciario,Águila harpía,Descomposición,5,1,7
6881,Rana venenosa,Consumidor primario,Termitas,Herbivoría,4,16,7
6882,Anaconda,Consumidor secundario,Boa constrictor,Mutualismo,6,11,4
6883,Tucán,Productor,Hormiga cortadora,Herbivoría,8,20,7
6884,Termitas,Descomponedor,Mono araña,Mutualismo,5,47,3
6885,Venado,Consumidor terciario,Hormiga cortadora,Mutualismo,2,17,10
6886,Boa constrictor,Consumidor secundario,Tucán,Depredación,5,18,1
6887,Tucán,Descomponedor,Termitas,Competencia,10,44,4
6888,Mono araña,Consumidor primario,Rana venenosa,Depredación,10,16,6
6889,Mono araña,Consumidor secundario,Hormiga cortadora,Competencia,5,12,9
6890,Jaguar,Consumidor terciario,Anaconda,Descomposición,9,38,5
6891,Rana venenosa,Consumidor terciario,Termitas,Mutualismo,1,39,8
6892,Hormiga cortadora,Consumidor secundario,Hormiga cortadora,Herbivoría,3,7,7
6893,Hormiga cortadora,Consumidor primario,Termitas,Herbivoría,1,43,7
6894,Águila harpía,Consumidor primario,Jaguar,Mutualismo,8,12,2
6895,Termitas,Consumidor primario,Tucán,Competencia,1,29,6
6896,Rana venenosa,Consumidor primario,Hormiga cortadora,Competencia,7,43,6
6897,Hormiga cortadora,Consumidor primario,Hormiga cortadora,Depredación,4,43,5
6898,Tucán,Consumidor secundario,Mono araña,Mutualismo,7,21,9
6899,Venado,Consumidor primario,Hormiga cortadora,Depredación,10,46,1
6900,Termitas,Consumidor primario,Tucán,Mutualismo,3,23,5
6901,Termitas,Consumidor secundario,Águila harpía,Competencia,6,16,8
6902,Venado,Consumidor secundario,Boa constrictor,Competencia,2,5,3
6903,Venado,Consumidor primario,Hormiga cortadora,Depredación,4,49,9
6904,Hormiga cortadora,Consumidor secundario,Jaguar,Herbivoría,2,39,1
6905,Tucán,Productor,Venado,Descomposición,3,47,3
6906,Jaguar,Consumidor secundario,Hormiga cortadora,Competencia,4,13,10
6907,Águila harpía,Consumidor terciario,Rana venenosa,Competencia,1,5,5
6908,Boa constrictor,Consumidor terciario,Anaconda,Competencia,9,46,8
6909,Hormiga cortadora,Descomponedor,Venado,Descomposición,10,29,9
6910,Águila harpía,Descomponedor,Rana venenosa,Competencia,4,3,9
6911,Boa constrictor,Productor,Termitas,Depredación,10,29,3
6912,Jaguar,Consumidor primario,Termitas,Mutualismo,6,38,8
6913,Rana venenosa,Productor,Termitas,Depredación,3,39,3
6914,Hormiga cortadora,Productor,Jaguar,Competencia,2,18,9
6915,Boa constrictor,Consumidor primario,Anaconda,Descomposición,10,12,7
6916,Águila harpía,Descomponedor,Venado,Depredación,10,38,8
6917,Hormiga cortadora,Consumidor secundario,Anaconda,Competencia,7,17,3
6918,Boa constrictor,Consumidor primario,Tucán,Descomposición,6,39,6
6919,Tucán,Consumidor terciario,Anaconda,Descomposición,5,16,10
6920,Águila harpía,Consumidor terciario,Mono araña,Descomposición,5,21,6
6921,Anaconda,Consumidor terciario,Anaconda,Herbivoría,7,3,6
6922,Rana venenosa,Consumidor terciario,Águila harpía,Herbivoría,9,43,4
6923,Águila harpía,Descomponedor,Águila harpía,Competencia,6,7,10
6924,Tucán,Descomponedor,Rana venenosa,Herbivoría,1,23,5
6925,Anaconda,Productor,Rana venenosa,Depredación,2,46,2
6926,Rana venenosa,Productor,Tucán,Mutualismo,1,27,10
6927,Boa constrictor,Descomponedor,Venado,Herbivoría,9,47,6
6928,Boa constrictor,Consumidor terciario,Tucán,Depredación,2,25,1
6929,Anaconda,Consumidor secundario,Tucán,Mutualismo,2,12,5
6930,Águila harpía,Descomponedor,Mono araña,Descomposición,7,44,2
6931,Tucán,Productor,Boa constrictor,Mutualismo,3,30,2
6932,Termitas,Consumidor secundario,Anaconda,Competencia,1,28,1
6933,Boa constrictor,Productor,Jaguar,Mutualismo,6,48,9
6934,Águila harpía,Consumidor terciario,Jaguar,Descomposición,6,12,3
6935,Venado,Consumidor secundario,Rana venenosa,Descomposición,6,3,3
6936,Águila harpía,Consumidor secundario,Mono araña,Competencia,10,19,7
6937,Águila harpía,Descomponedor,Hormiga cortadora,Competencia,2,6,6
6938,Venado,Consumidor primario,Hormiga cortadora,Herbivoría,2,39,8
6939,Boa constrictor,Consumidor primario,Jaguar,Herbivoría,2,13,4
6940,Termitas,Consumidor secundario,Mono araña,Depredación,3,15,1
6941,Venado,Consumidor primario,Mono araña,Mutualismo,8,39,8
6942,Jaguar,Consumidor primario,Águila harpía,Herbivoría,8,36,1
6943,Jaguar,Consumidor secundario,Rana venenosa,Descomposición,5,48,3
6944,Termitas,Consumidor primario,Mono araña,Competencia,9,41,9
6945,Tucán,Consumidor terciario,Tucán,Herbivoría,9,19,9
6946,Termitas,Consumidor primario,Tucán,Mutualismo,10,20,2
6947,Mono araña,Consumidor terciario,Jaguar,Descomposición,8,24,10
6948,Hormiga cortadora,Productor,Termitas,Herbivoría,10,34,4
6949,Tucán,Consumidor primario,Mono araña,Depredación,7,14,1
6950,Termitas,Consumidor primario,Anaconda,Herbivoría,6,18,4
6951,Venado,Consumidor secundario,Hormiga cortadora,Mutualismo,1,39,6
6952,Anaconda,Productor,Anaconda,Competencia,2,30,5
6953,Venado,Descomponedor,Anaconda,Depredación,10,6,9
6954,Venado,Consumidor secundario,Mono araña,Herbivoría,4,49,3
6955,Mono araña,Productor,Anaconda,Mutualismo,4,6,7
6956,Jaguar,Consumidor terciario,Venado,Competencia,8,42,8
6957,Tucán,Consumidor primario,Boa constrictor,Mutualismo,5,36,5
6958,Águila harpía,Productor,Rana venenosa,Descomposición,6,30,2
6959,Termitas,Consumidor primario,Jaguar,Descomposición,4,49,3
6960,Tucán,Descomponedor,Águila harpía,Depredación,8,19,4
6961,Boa constrictor,Consumidor terciario,Anaconda,Mutualismo,10,36,6
6962,Hormiga cortadora,Productor,Anaconda,Competencia,7,1,6
6963,Tucán,Consumidor terciario,Hormiga cortadora,Descomposición,5,26,7
6964,Mono araña,Productor,Jaguar,Herbivoría,5,21,9
6965,Jaguar,Productor,Hormiga cortadora,Herbivoría,8,31,3
6966,Boa constrictor,Consumidor secundario,Venado,Descomposición,6,4,7
6967,Águila harpía,Consumidor primario,Rana venenosa,Herbivoría,6,8,1
6968,Rana venenosa,Productor,Rana venenosa,Descomposición,7,24,1
6969,Jaguar,Consumidor primario,Jaguar,Mutualismo,5,29,9
6970,Tucán,Consumidor secundario,Tucán,Herbivoría,3,29,8
6971,Tucán,Descomponedor,Venado,Herbivoría,9,50,10
6972,Boa constrictor,Descomponedor,Tucán,Descomposición,5,19,3
6973,Tucán,Consumidor secundario,Águila harpía,Mutualismo,3,12,8
6974,Boa constrictor,Descomponedor,Águila harpía,Competencia,1,44,9
6975,Venado,Consumidor terciario,Jaguar,Competencia,5,8,8
6976,Hormiga cortadora,Consumidor terciario,Mono araña,Depredación,2,40,9
6977,Rana venenosa,Productor,Tucán,Depredación,7,27,4
6978,Termitas,Productor,Rana venenosa,Herbivoría,8,33,2
6979,Rana venenosa,Descomponedor,Mono araña,Competencia,10,21,2
6980,Anaconda,Descomponedor,Águila harpía,Herbivoría,9,37,1
6981,Hormiga cortadora,Consumidor secundario,Rana venenosa,Descomposición,4,30,9
6982,Hormiga cortadora,Descomponedor,Venado,Descomposición,10,43,3
6983,Venado,Consumidor secundario,Anaconda,Depredación,5,26,6
6984,Jaguar,Descomponedor,Termitas,Competencia,1,2,2
6985,Hormiga cortadora,Productor,Mono araña,Depredación,6,21,8
6986,Hormiga cortadora,Consumidor terciario,Águila harpía,Mutualismo,9,3,3
6987,Venado,Descomponedor,Rana venenosa,Competencia,2,9,7
6988,Boa constrictor,Consumidor terciario,Jaguar,Herbivoría,8,33,1
6989,Águila harpía,Descomponedor,Jaguar,Mutualismo,3,33,4
6990,Anaconda,Consumidor primario,Termitas,Mutualismo,6,17,5
6991,Anaconda,Consumidor secundario,Rana venenosa,Competencia,7,40,5
6992,Águila harpía,Productor,Boa constrictor,Competencia,5,44,9
6993,Águila harpía,Productor,Hormiga cortadora,Competencia,3,5,1
6994,Mono araña,Consumidor primario,Mono araña,Depredación,2,47,3
6995,Anaconda,Consumidor terciario,Hormiga cortadora,Competencia,1,39,1
6996,Hormiga cortadora,Consumidor primario,Jaguar,Herbivoría,1,39,5
6997,Águila harpía,Productor,Termitas,Depredación,6,43,8
6998,Rana venenosa,Consumidor terciario,Mono araña,Competencia,10,8,1
6999,Anaconda,Consumidor terciario,Rana venenosa,Depredación,9,30,3
7000,Hormiga cortadora,Consumidor secundario,Boa constrictor,Competencia,3,15,7
7001,Termitas,Consumidor terciario,Boa constrictor,Mutualismo,6,37,8
7002,Mono araña,Descomponedor,Termitas,Descomposición,5,38,2
7003,Jaguar,Descomponedor,Tucán,Competencia,5,27,7
7004,Hormiga cortadora,Consumidor terciario,Anaconda,Mutualismo,2,15,2
7005,Termitas,Consumidor secundario,Venado,Herbivoría,3,27,5
7006,Boa constrictor,Consumidor terciario,Venado,Descomposición,1,43,5
7007,Venado,Consumidor terciario,Venado,Competencia,8,25,8
7008,Jaguar,Consumidor secundario,Boa constrictor,Competencia,1,14,3
7009,Hormiga cortadora,Consumidor secundario,Tucán,Competencia,9,43,7
7010,Anaconda,Consumidor terciario,Mono araña,Descomposición,4,14,2
7011,Termitas,Consumidor secundario,Termitas,Herbivoría,5,31,7
7012,Jaguar,Consumidor primario,Rana venenosa,Depredación,8,16,6
7013,Águila harpía,Descomponedor,Jaguar,Herbivoría,4,46,5
7014,Venado,Productor,Anaconda,Depredación,1,23,10
7015,Termitas,Consumidor secundario,Rana venenosa,Competencia,6,26,1
7016,Jaguar,Consumidor primario,Venado,Competencia,2,10,9
7017,Venado,Consumidor primario,Jaguar,Competencia,9,27,5
7018,Termitas,Productor,Boa constrictor,Depredación,9,50,5
7019,Boa constrictor,Productor,Hormiga cortadora,Depredación,6,41,3
7020,Tucán,Consumidor secundario,Boa constrictor,Herbivoría,3,13,4
7021,Jaguar,Consumidor primario,Boa constrictor,Descomposición,1,5,4
7022,Hormiga cortadora,Consumidor primario,Águila harpía,Descomposición,10,17,9
7023,Jaguar,Consumidor primario,Tucán,Depredación,6,16,7
7024,Termitas,Consumidor secundario,Hormiga cortadora,Herbivoría,9,30,6
7025,Boa constrictor,Descomponedor,Termitas,Descomposición,9,2,3
7026,Venado,Consumidor terciario,Mono araña,Descomposición,5,36,5
7027,Rana venenosa,Descomponedor,Boa constrictor,Competencia,8,29,8
7028,Jaguar,Consumidor terciario,Termitas,Mutualismo,4,14,9
7029,Anaconda,Consumidor terciario,Tucán,Depredación,1,23,2
7030,Termitas,Productor,Tucán,Herbivoría,3,16,9
7031,Águila harpía,Descomponedor,Águila harpía,Herbivoría,10,34,9
7032,Tucán,Consumidor primario,Anaconda,Competencia,1,22,1
7033,Jaguar,Descomponedor,Anaconda,Competencia,5,5,8
7034,Rana venenosa,Consumidor primario,Mono araña,Herbivoría,3,42,9
7035,Tucán,Consumidor terciario,Anaconda,Descomposición,4,43,2
7036,Águila harpía,Consumidor terciario,Águila harpía,Mutualismo,10,9,10
7037,Jaguar,Consumidor primario,Jaguar,Descomposición,1,41,10
7038,Venado,Productor,Termitas,Herbivoría,7,47,1
7039,Jaguar,Productor,Mono araña,Herbivoría,10,17,3
7040,Boa constrictor,Descomponedor,Águila harpía,Depredación,4,13,8
7041,Jaguar,Productor,Rana venenosa,Competencia,10,32,6
7042,Boa constrictor,Consumidor terciario,Hormiga cortadora,Herbivoría,7,36,3
7043,Anaconda,Descomponedor,Tucán,Descomposición,4,28,6
7044,Mono araña,Consumidor secundario,Termitas,Descomposición,5,23,9
7045,Venado,Consumidor secundario,Anaconda,Depredación,8,20,9
7046,Anaconda,Consumidor secundario,Hormiga cortadora,Mutualismo,3,43,8
7047,Rana venenosa,Consumidor primario,Boa constrictor,Depredación,9,6,5
7048,Rana venenosa,Productor,Boa constrictor,Descomposición,10,15,6
7049,Rana venenosa,Productor,Hormiga cortadora,Descomposición,1,3,4
7050,Termitas,Productor,Águila harpía,Herbivoría,8,24,9
7051,Venado,Consumidor primario,Termitas,Mutualismo,5,26,4
7052,Anaconda,Descomponedor,Hormiga cortadora,Depredación,3,7,5
7053,Boa constrictor,Descomponedor,Águila harpía,Descomposición,7,49,2
7054,Jaguar,Consumidor secundario,Mono araña,Mutualismo,10,7,7
7055,Tucán,Consumidor terciario,Venado,Depredación,9,5,2
7056,Boa constrictor,Consumidor terciario,Boa constrictor,Competencia,1,40,9
7057,Jaguar,Descomponedor,Venado,Mutualismo,7,46,9
7058,Boa constrictor,Consumidor terciario,Mono araña,Mutualismo,10,1,2
7059,Águila harpía,Consumidor primario,Hormiga cortadora,Competencia,10,12,9
7060,Boa constrictor,Descomponedor,Termitas,Descomposición,4,33,1
7061,Tucán,Consumidor terciario,Venado,Depredación,9,9,6
7062,Jaguar,Consumidor primario,Anaconda,Competencia,8,22,3
7063,Mono araña,Consumidor terciario,Jaguar,Descomposición,8,36,9
7064,Jaguar,Descomponedor,Boa constrictor,Competencia,5,26,8
7065,Venado,Productor,Tucán,Competencia,8,43,10
7066,Hormiga cortadora,Consumidor terciario,Águila harpía,Mutualismo,3,40,9
7067,Hormiga cortadora,Descomponedor,Boa constrictor,Herbivoría,4,28,1
7068,Hormiga cortadora,Consumidor secundario,Jaguar,Depredación,4,44,1
7069,Mono araña,Productor,Rana venenosa,Descomposición,6,11,3
7070,Anaconda,Descomponedor,Venado,Mutualismo,4,28,6
7071,Tucán,Productor,Anaconda,Herbivoría,3,5,2
7072,Rana venenosa,Consumidor primario,Mono araña,Mutualismo,9,40,5
7073,Tucán,Consumidor primario,Boa constrictor,Herbivoría,7,45,1
7074,Termitas,Productor,Tucán,Mutualismo,10,39,7
7075,Tucán,Consumidor primario,Hormiga cortadora,Descomposición,1,35,1
7076,Anaconda,Consumidor terciario,Águila harpía,Herbivoría,9,12,5
7077,Rana venenosa,Productor,Venado,Descomposición,7,10,1
7078,Tucán,Consumidor terciario,Jaguar,Herbivoría,4,32,1
7079,Águila harpía,Productor,Venado,Herbivoría,8,45,7
7080,Tucán,Productor,Venado,Mutualismo,10,20,8
7081,Termitas,Consumidor primario,Águila harpía,Depredación,6,37,2
7082,Boa constrictor,Consumidor secundario,Boa constrictor,Competencia,10,13,7
7083,Tucán,Consumidor terciario,Rana venenosa,Competencia,7,44,10
7084,Hormiga cortadora,Descomponedor,Águila harpía,Herbivoría,5,44,6
7085,Tucán,Consumidor terciario,Águila harpía,Mutualismo,1,11,1
7086,Hormiga cortadora,Descomponedor,Boa constrictor,Mutualismo,3,25,9
7087,Mono araña,Descomponedor,Hormiga cortadora,Depredación,9,14,2
7088,Boa constrictor,Consumidor primario,Tucán,Mutualismo,6,12,7
7089,Venado,Descomponedor,Hormiga cortadora,Competencia,6,5,10
7090,Tucán,Consumidor terciario,Mono araña,Competencia,7,41,10
7091,Hormiga cortadora,Consumidor secundario,Mono araña,Competencia,3,16,5
7092,Boa constrictor,Consumidor secundario,Águila harpía,Descomposición,4,6,5
7093,Mono araña,Productor,Boa constrictor,Herbivoría,5,41,5
7094,Boa constrictor,Consumidor terciario,Mono araña,Descomposición,3,34,6
7095,Anaconda,Productor,Mono araña,Descomposición,7,3,3
7096,Rana venenosa,Consumidor secundario,Tucán,Competencia,8,10,1
7097,Venado,Consumidor primario,Tucán,Descomposición,9,14,8
7098,Rana venenosa,Consumidor secundario,Anaconda,Herbivoría,9,6,10
7099,Jaguar,Consumidor primario,Jaguar,Depredación,1,30,9
7100,Jaguar,Consumidor primario,Jaguar,Depredación,7,19,5
7101,Tucán,Productor,Rana venenosa,Descomposición,6,25,5
7102,Boa constrictor,Descomponedor,Hormiga cortadora,Descomposición,8,28,10
7103,Venado,Consumidor primario,Águila harpía,Competencia,3,49,1
7104,Hormiga cortadora,Consumidor secundario,Hormiga cortadora,Depredación,2,43,6
7105,Venado,Descomponedor,Anaconda,Herbivoría,6,37,5
7106,Águila harpía,Consumidor primario,Mono araña,Herbivoría,6,37,6
7107,Jaguar,Consumidor terciario,Mono araña,Depredación,5,1,5
7108,Rana venenosa,Productor,Anaconda,Herbivoría,7,16,8
7109,Jaguar,Productor,Tucán,Herbivoría,6,18,8
7110,Boa constrictor,Consumidor secundario,Rana venenosa,Herbivoría,6,5,10
7111,Águila harpía,Descomponedor,Anaconda,Herbivoría,9,10,3
7112,Venado,Consumidor terciario,Venado,Descomposición,5,18,10
7113,Águila harpía,Consumidor terciario,Boa constrictor,Depredación,2,16,5
7114,Venado,Consumidor terciario,Boa constrictor,Mutualismo,6,9,3
7115,Águila harpía,Productor,Termitas,Descomposición,4,44,8
7116,Mono araña,Productor,Tucán,Competencia,6,25,8
7117,Termitas,Consumidor terciario,Venado,Herbivoría,2,4,4
7118,Águila harpía,Consumidor terciario,Águila harpía,Herbivoría,6,27,9
7119,Jaguar,Consumidor secundario,Anaconda,Competencia,6,13,6
7120,Jaguar,Consumidor secundario,Venado,Competencia,10,21,3
7121,Tucán,Consumidor primario,Termitas,Depredación,5,28,7
7122,Águila harpía,Consumidor primario,Mono araña,Mutualismo,3,33,9
7123,Anaconda,Productor,Boa constrictor,Competencia,3,8,8
7124,Venado,Descomponedor,Anaconda,Mutualismo,6,48,10
7125,Mono araña,Consumidor primario,Termitas,Herbivoría,9,40,9
7126,Tucán,Consumidor secundario,Tucán,Mutualismo,5,4,3
7127,Anaconda,Consumidor terciario,Mono araña,Mutualismo,3,17,9
7128,Tucán,Productor,Venado,Herbivoría,3,3,1
7129,Tucán,Consumidor terciario,Tucán,Mutualismo,2,4,4
7130,Tucán,Descomponedor,Anaconda,Depredación,3,18,8
7131,Hormiga cortadora,Consumidor primario,Tucán,Herbivoría,10,14,6
7132,Tucán,Consumidor secundario,Tucán,Depredación,3,50,6
7133,Anaconda,Consumidor primario,Mono araña,Depredación,8,23,7
7134,Boa constrictor,Productor,Jaguar,Depredación,3,12,4
7135,Águila harpía,Consumidor primario,Termitas,Descomposición,5,39,3
7136,Mono araña,Consumidor terciario,Tucán,Descomposición,10,9,7
7137,Mono araña,Descomponedor,Mono araña,Competencia,9,48,6
7138,Anaconda,Consumidor terciario,Hormiga cortadora,Mutualismo,2,1,10
7139,Hormiga cortadora,Consumidor primario,Rana venenosa,Mutualismo,3,2,3
7140,Tucán,Productor,Termitas,Mutualismo,4,45,10
7141,Termitas,Consumidor primario,Águila harpía,Competencia,4,45,1
7142,Mono araña,Consumidor terciario,Anaconda,Herbivoría,4,31,9
7143,Boa constrictor,Productor,Venado,Descomposición,9,36,2
7144,Boa constrictor,Consumidor primario,Boa constrictor,Depredación,7,30,8
7145,Jaguar,Consumidor primario,Termitas,Herbivoría,2,28,1
7146,Hormiga cortadora,Consumidor terciario,Hormiga cortadora,Mutualismo,1,47,4
7147,Águila harpía,Descomponedor,Rana venenosa,Depredación,3,5,3
7148,Tucán,Descomponedor,Jaguar,Depredación,6,20,4
7149,Águila harpía,Consumidor secundario,Hormiga cortadora,Competencia,3,2,6
7150,Anaconda,Consumidor secundario,Hormiga cortadora,Competencia,7,1,8
7151,Jaguar,Consumidor primario,Mono araña,Competencia,10,47,1
7152,Jaguar,Consumidor secundario,Águila harpía,Descomposición,10,47,3
7153,Boa constrictor,Consumidor secundario,Mono araña,Competencia,6,5,6
7154,Tucán,Descomponedor,Termitas,Competencia,6,29,10
7155,Boa constrictor,Productor,Venado,Descomposición,7,28,2
7156,Boa constrictor,Descomponedor,Hormiga cortadora,Descomposición,3,46,10
7157,Tucán,Consumidor primario,Jaguar,Mutualismo,3,47,7
7158,Venado,Consumidor primario,Tucán,Herbivoría,2,1,1
7159,Mono araña,Productor,Jaguar,Mutualismo,1,38,6
7160,Termitas,Consumidor secundario,Hormiga cortadora,Competencia,8,32,8
7161,Hormiga cortadora,Descomponedor,Tucán,Depredación,8,7,8
7162,Venado,Productor,Águila harpía,Mutualismo,3,23,5
7163,Hormiga cortadora,Consumidor primario,Termitas,Descomposición,9,7,9
7164,Boa constrictor,Productor,Venado,Competencia,6,22,4
7165,Anaconda,Productor,Venado,Herbivoría,4,44,10
7166,Anaconda,Productor,Mono araña,Herbivoría,10,36,1
7167,Anaconda,Consumidor terciario,Boa constrictor,Descomposición,10,33,5
7168,Venado,Consumidor terciario,Anaconda,Herbivoría,1,22,5
7169,Venado,Consumidor terciario,Tucán,Competencia,7,8,9
7170,Mono araña,Descomponedor,Tucán,Herbivoría,8,34,8
7171,Rana venenosa,Descomponedor,Jaguar,Descomposición,2,7,7
7172,Tucán,Consumidor terciario,Venado,Descomposición,10,3,4
7173,Tucán,Consumidor terciario,Rana venenosa,Depredación,1,10,4
7174,Hormiga cortadora,Consumidor terciario,Mono araña,Competencia,5,13,3
7175,Rana venenosa,Consumidor primario,Mono araña,Competencia,1,48,10
7176,Jaguar,Productor,Águila harpía,Descomposición,4,33,2
7177,Rana venenosa,Consumidor secundario,Anaconda,Mutualismo,5,47,5
7178,Termitas,Consumidor terciario,Hormiga cortadora,Herbivoría,6,28,4
7179,Boa constrictor,Productor,Termitas,Competencia,5,24,2
7180,Tucán,Consumidor secundario,Hormiga cortadora,Competencia,6,36,1
7181,Boa constrictor,Productor,Anaconda,Herbivoría,9,42,10
7182,Tucán,Consumidor secundario,Anaconda,Herbivoría,2,39,5
7183,Águila harpía,Consumidor terciario,Jaguar,Competencia,5,25,5
7184,Boa constrictor,Consumidor terciario,Hormiga cortadora,Descomposición,2,40,7
7185,Rana venenosa,Consumidor terciario,Águila harpía,Descomposición,3,28,7
7186,Termitas,Consumidor secundario,Boa constrictor,Competencia,7,34,1
7187,Hormiga cortadora,Consumidor primario,Tucán,Herbivoría,1,33,6
7188,Tucán,Consumidor primario,Tucán,Mutualismo,5,46,8
7189,Mono araña,Productor,Águila harpía,Descomposición,9,48,7
7190,Águila harpía,Consumidor primario,Tucán,Descomposición,4,16,7
7191,Mono araña,Descomponedor,Águila harpía,Depredación,9,34,6
7192,Águila harpía,Consumidor secundario,Hormiga cortadora,Depredación,6,11,5
7193,Mono araña,Descomponedor,Tucán,Depredación,7,39,4
7194,Hormiga cortadora,Productor,Rana venenosa,Competencia,2,43,9
7195,Tucán,Consumidor terciario,Anaconda,Depredación,10,18,10
7196,Termitas,Consumidor terciario,Rana venenosa,Herbivoría,1,15,9
7197,Rana venenosa,Consumidor secundario,Anaconda,Herbivoría,10,8,8
7198,Tucán,Consumidor terciario,Tucán,Mutualismo,2,8,5
7199,Tucán,Consumidor secundario,Tucán,Depredación,8,43,1
7200,Boa constrictor,Consumidor secundario,Boa constrictor,Descomposición,5,17,6
7201,Tucán,Consumidor secundario,Mono araña,Herbivoría,3,49,4
7202,Boa constrictor,Consumidor terciario,Tucán,Herbivoría,2,14,7
7203,Jaguar,Consumidor secundario,Jaguar,Mutualismo,2,48,5
7204,Anaconda,Productor,Venado,Descomposición,6,30,10
7205,Boa constrictor,Consumidor secundario,Tucán,Descomposición,6,23,6
7206,Hormiga cortadora,Consumidor terciario,Tucán,Descomposición,1,19,4
7207,Jaguar,Consumidor terciario,Mono araña,Competencia,2,8,10
7208,Rana venenosa,Consumidor secundario,Mono araña,Descomposición,10,12,8
7209,Jaguar,Consumidor primario,Hormiga cortadora,Competencia,3,38,5
7210,Termitas,Consumidor primario,Mono araña,Mutualismo,9,30,8
7211,Termitas,Consumidor primario,Venado,Depredación,4,46,9
7212,Boa constrictor,Productor,Hormiga cortadora,Herbivoría,4,32,2
7213,Termitas,Descomponedor,Anaconda,Descomposición,3,38,6
7214,Boa constrictor,Consumidor primario,Jaguar,Mutualismo,1,24,7
7215,Jaguar,Productor,Hormiga cortadora,Depredación,5,45,7
7216,Venado,Descomponedor,Mono araña,Descomposición,1,34,7
7217,Boa constrictor,Consumidor terciario,Mono araña,Mutualismo,5,31,7
7218,Hormiga cortadora,Consumidor terciario,Mono araña,Depredación,4,13,4
7219,Jaguar,Consumidor terciario,Águila harpía,Descomposición,3,40,6
7220,Rana venenosa,Productor,Hormiga cortadora,Herbivoría,10,5,9
7221,Anaconda,Consumidor terciario,Anaconda,Herbivoría,7,29,4
7222,Termitas,Descomponedor,Hormiga cortadora,Herbivoría,1,34,7
7223,Tucán,Descomponedor,Jaguar,Depredación,4,39,4
7224,Termitas,Consumidor secundario,Jaguar,Competencia,9,4,3
7225,Termitas,Descomponedor,Rana venenosa,Competencia,4,35,6
7226,Anaconda,Consumidor primario,Rana venenosa,Mutualismo,9,24,9
7227,Boa constrictor,Consumidor primario,Anaconda,Descomposición,3,45,1
7228,Águila harpía,Consumidor terciario,Boa constrictor,Herbivoría,5,45,8
7229,Águila harpía,Descomponedor,Águila harpía,Descomposición,9,29,2
7230,Anaconda,Consumidor terciario,Venado,Competencia,10,21,5
7231,Mono araña,Consumidor terciario,Águila harpía,Descomposición,4,47,10
7232,Mono araña,Consumidor secundario,Anaconda,Depredación,4,44,6
7233,Termitas,Consumidor secundario,Anaconda,Depredación,4,9,4
7234,Tucán,Consumidor secundario,Termitas,Competencia,7,22,10
7235,Águila harpía,Consumidor primario,Hormiga cortadora,Herbivoría,2,2,5
7236,Termitas,Consumidor terciario,Mono araña,Mutualismo,6,6,4
7237,Rana venenosa,Consumidor terciario,Rana venenosa,Herbivoría,6,50,8
7238,Jaguar,Descomponedor,Venado,Mutualismo,5,25,5
7239,Anaconda,Consumidor secundario,Jaguar,Herbivoría,5,29,8
7240,Boa constrictor,Productor,Tucán,Descomposición,10,11,7
7241,Hormiga cortadora,Consumidor secundario,Mono araña,Mutualismo,10,23,7
7242,Hormiga cortadora,Consumidor primario,Hormiga cortadora,Competencia,7,19,6
7243,Águila harpía,Consumidor secundario,Águila harpía,Competencia,5,34,7
7244,Venado,Productor,Termitas,Competencia,10,32,1
7245,Venado,Descomponedor,Termitas,Mutualismo,8,26,6
7246,Mono araña,Productor,Termitas,Herbivoría,4,28,3
7247,Venado,Consumidor terciario,Rana venenosa,Depredación,10,30,2
7248,Hormiga cortadora,Consumidor primario,Anaconda,Mutualismo,5,18,7
7249,Águila harpía,Consumidor secundario,Mono araña,Herbivoría,4,6,7
7250,Tucán,Productor,Mono araña,Descomposición,3,48,1
7251,Hormiga cortadora,Consumidor secundario,Venado,Depredación,7,23,8
7252,Termitas,Consumidor primario,Águila harpía,Depredación,4,8,7
7253,Termitas,Consumidor primario,Hormiga cortadora,Herbivoría,4,3,1
7254,Águila harpía,Productor,Jaguar,Mutualismo,4,6,5
7255,Hormiga cortadora,Consumidor terciario,Mono araña,Competencia,8,37,6
7256,Hormiga cortadora,Productor,Hormiga cortadora,Mutualismo,3,28,6
7257,Rana venenosa,Consumidor terciario,Jaguar,Mutualismo,4,24,2
7258,Jaguar,Consumidor terciario,Mono araña,Depredación,7,32,3
7259,Hormiga cortadora,Consumidor secundario,Venado,Depredación,9,9,6
7260,Venado,Descomponedor,Termitas,Mutualismo,2,2,7
7261,Rana venenosa,Consumidor terciario,Mono araña,Depredación,6,32,1
7262,Venado,Descomponedor,Águila harpía,Depredación,8,17,9
7263,Rana venenosa,Descomponedor,Tucán,Herbivoría,2,22,5
7264,Venado,Descomponedor,Mono araña,Competencia,8,13,1
7265,Rana venenosa,Descomponedor,Anaconda,Mutualismo,9,10,1
7266,Tucán,Consumidor terciario,Tucán,Mutualismo,7,27,8
7267,Termitas,Consumidor primario,Jaguar,Depredación,1,47,5
7268,Venado,Consumidor secundario,Tucán,Depredación,5,31,3
7269,Boa constrictor,Consumidor secundario,Termitas,Depredación,2,46,4
7270,Termitas,Consumidor secundario,Rana venenosa,Depredación,3,2,5
7271,Venado,Consumidor terciario,Rana venenosa,Mutualismo,8,7,10
7272,Boa constrictor,Consumidor secundario,Jaguar,Descomposición,9,19,5
7273,Anaconda,Productor,Anaconda,Herbivoría,2,27,8
7274,Boa constrictor,Descomponedor,Termitas,Depredación,9,12,3
7275,Tucán,Descomponedor,Tucán,Herbivoría,7,10,1
7276,Venado,Descomponedor,Mono araña,Descomposición,1,5,3
7277,Mono araña,Consumidor primario,Hormiga cortadora,Herbivoría,8,23,5
7278,Mono araña,Productor,Termitas,Descomposición,10,33,10
7279,Anaconda,Consumidor secundario,Termitas,Depredación,5,15,5
7280,Rana venenosa,Consumidor terciario,Venado,Depredación,7,37,5
7281,Águila harpía,Consumidor primario,Rana venenosa,Competencia,1,20,9
7282,Jaguar,Consumidor terciario,Anaconda,Descomposición,5,8,7
7283,Venado,Descomponedor,Mono araña,Competencia,2,27,7
7284,Boa constrictor,Consumidor terciario,Venado,Competencia,6,26,6
7285,Jaguar,Consumidor terciario,Venado,Herbivoría,2,37,5
7286,Águila harpía,Consumidor primario,Termitas,Competencia,8,43,5
7287,Jaguar,Consumidor primario,Águila harpía,Mutualismo,6,28,6
7288,Águila harpía,Descomponedor,Tucán,Depredación,8,36,2
7289,Venado,Descomponedor,Anaconda,Herbivoría,10,4,7
7290,Jaguar,Consumidor primario,Águila harpía,Herbivoría,10,7,6
7291,Águila harpía,Descomponedor,Anaconda,Herbivoría,9,2,4
7292,Anaconda,Consumidor secundario,Rana venenosa,Descomposición,8,27,8
7293,Anaconda,Descomponedor,Termitas,Descomposición,3,43,3
7294,Jaguar,Consumidor primario,Águila harpía,Herbivoría,2,10,10
7295,Anaconda,Consumidor primario,Águila harpía,Competencia,10,2,1
7296,Mono araña,Productor,Anaconda,Competencia,9,42,9
7297,Anaconda,Consumidor terciario,Venado,Depredación,3,11,7
7298,Boa constrictor,Consumidor secundario,Venado,Descomposición,4,24,7
7299,Anaconda,Consumidor terciario,Rana venenosa,Competencia,5,37,10
7300,Mono araña,Consumidor secundario,Tucán,Depredación,6,5,10
7301,Tucán,Productor,Águila harpía,Depredación,3,10,1
7302,Tucán,Productor,Jaguar,Competencia,9,38,4
7303,Venado,Consumidor secundario,Anaconda,Competencia,9,14,6
7304,Rana venenosa,Descomponedor,Águila harpía,Herbivoría,1,3,9
7305,Mono araña,Consumidor secundario,Anaconda,Mutualismo,6,29,1
7306,Termitas,Consumidor terciario,Anaconda,Descomposición,5,30,1
7307,Boa constrictor,Consumidor terciario,Anaconda,Depredación,3,9,4
7308,Águila harpía,Consumidor terciario,Venado,Competencia,3,16,2
7309,Anaconda,Consumidor secundario,Boa constrictor,Competencia,6,21,1
7310,Rana venenosa,Consumidor terciario,Tucán,Competencia,3,24,3
7311,Mono araña,Consumidor secundario,Tucán,Mutualismo,2,38,5
7312,Águila harpía,Descomponedor,Mono araña,Herbivoría,7,36,2
7313,Mono araña,Consumidor terciario,Termitas,Descomposición,6,30,9
7314,Rana venenosa,Consumidor secundario,Venado,Mutualismo,2,30,1
7315,Águila harpía,Productor,Hormiga cortadora,Herbivoría,2,11,4
7316,Rana venenosa,Consumidor terciario,Anaconda,Competencia,10,46,4
7317,Anaconda,Consumidor secundario,Águila harpía,Mutualismo,2,35,4
7318,Águila harpía,Consumidor primario,Venado,Descomposición,4,42,6
7319,Hormiga cortadora,Descomponedor,Águila harpía,Herbivoría,10,1,9
7320,Boa constrictor,Consumidor secundario,Boa constrictor,Depredación,3,20,3
7321,Jaguar,Descomponedor,Hormiga cortadora,Competencia,4,40,3
7322,Mono araña,Consumidor primario,Termitas,Depredación,5,29,5
7323,Hormiga cortadora,Consumidor terciario,Águila harpía,Herbivoría,4,21,10
7324,Hormiga cortadora,Productor,Mono araña,Herbivoría,1,30,3
7325,Jaguar,Consumidor primario,Rana venenosa,Descomposición,8,41,6
7326,Águila harpía,Descomponedor,Termitas,Depredación,10,48,1
7327,Termitas,Consumidor secundario,Anaconda,Mutualismo,4,23,3
7328,Tucán,Consumidor terciario,Águila harpía,Competencia,8,41,10
7329,Rana venenosa,Productor,Tucán,Competencia,3,30,9
7330,Mono araña,Descomponedor,Anaconda,Descomposición,6,23,2
7331,Águila harpía,Consumidor secundario,Hormiga cortadora,Competencia,4,50,6
7332,Tucán,Descomponedor,Tucán,Descomposición,2,39,4
7333,Anaconda,Consumidor secundario,Mono araña,Descomposición,6,33,9
7334,Mono araña,Productor,Rana venenosa,Mutualismo,3,13,9
7335,Venado,Consumidor terciario,Venado,Depredación,10,40,9
7336,Hormiga cortadora,Productor,Tucán,Depredación,6,25,6
7337,Águila harpía,Consumidor secundario,Termitas,Mutualismo,1,6,8
7338,Águila harpía,Descomponedor,Jaguar,Descomposición,8,38,9
7339,Rana venenosa,Consumidor secundario,Anaconda,Herbivoría,1,50,1
7340,Águila harpía,Consumidor terciario,Rana venenosa,Depredación,6,10,9
7341,Hormiga cortadora,Descomponedor,Tucán,Competencia,4,46,7
7342,Hormiga cortadora,Consumidor primario,Jaguar,Competencia,3,20,9
7343,Anaconda,Consumidor secundario,Águila harpía,Descomposición,10,43,4
7344,Hormiga cortadora,Productor,Boa constrictor,Descomposición,5,26,1
7345,Águila harpía,Consumidor secundario,Hormiga cortadora,Depredación,5,29,9
7346,Boa constrictor,Descomponedor,Rana venenosa,Mutualismo,1,36,5
7347,Anaconda,Consumidor terciario,Mono araña,Herbivoría,2,47,3
7348,Termitas,Consumidor secundario,Venado,Mutualismo,1,23,7
7349,Jaguar,Descomponedor,Águila harpía,Herbivoría,4,30,9
7350,Termitas,Descomponedor,Hormiga cortadora,Competencia,7,41,7
7351,Mono araña,Consumidor secundario,Jaguar,Competencia,9,22,3
7352,Anaconda,Consumidor terciario,Venado,Competencia,7,32,7
7353,Termitas,Productor,Venado,Competencia,2,30,3
7354,Venado,Consumidor secundario,Hormiga cortadora,Descomposición,2,16,10
7355,Hormiga cortadora,Productor,Hormiga cortadora,Mutualismo,1,29,8
7356,Venado,Consumidor primario,Termitas,Mutualismo,3,50,2
7357,Anaconda,Consumidor terciario,Anaconda,Depredación,2,25,2
7358,Jaguar,Productor,Águila harpía,Mutualismo,8,36,9
7359,Anaconda,Descomponedor,Jaguar,Herbivoría,4,6,1
7360,Termitas,Consumidor terciario,Hormiga cortadora,Herbivoría,2,41,3
7361,Boa constrictor,Consumidor secundario,Hormiga cortadora,Competencia,1,18,2
7362,Boa constrictor,Descomponedor,Anaconda,Herbivoría,7,31,9
7363,Termitas,Descomponedor,Termitas,Mutualismo,9,29,10
7364,Jaguar,Consumidor primario,Venado,Descomposición,7,46,7
7365,Hormiga cortadora,Productor,Termitas,Mutualismo,7,13,2
7366,Boa constrictor,Consumidor primario,Termitas,Descomposición,2,3,7
7367,Mono araña,Consumidor primario,Águila harpía,Depredación,2,20,7
7368,Rana venenosa,Productor,Águila harpía,Competencia,7,8,4
7369,Águila harpía,Consumidor secundario,Venado,Depredación,3,27,9
7370,Termitas,Descomponedor,Termitas,Herbivoría,3,6,4
7371,Hormiga cortadora,Consumidor terciario,Venado,Herbivoría,4,35,5
7372,Boa constrictor,Consumidor secundario,Jaguar,Competencia,4,46,9
7373,Águila harpía,Consumidor primario,Águila harpía,Mutualismo,9,28,2
7374,Mono araña,Consumidor terciario,Rana venenosa,Competencia,5,25,10
7375,Anaconda,Productor,Venado,Competencia,4,7,8
7376,Boa constrictor,Consumidor secundario,Mono araña,Depredación,6,19,1
7377,Tucán,Productor,Jaguar,Descomposición,1,12,3
7378,Águila harpía,Consumidor terciario,Venado,Depredación,9,27,8
7379,Mono araña,Consumidor terciario,Anaconda,Herbivoría,8,40,8
7380,Rana venenosa,Consumidor terciario,Tucán,Descomposición,3,26,3
7381,Águila harpía,Descomponedor,Boa constrictor,Depredación,9,41,1
7382,Anaconda,Consumidor terciario,Rana venenosa,Mutualismo,6,48,2
7383,Anaconda,Consumidor terciario,Termitas,Depredación,7,42,6
7384,Venado,Consumidor terciario,Boa constrictor,Descomposición,9,39,3
7385,Mono araña,Productor,Anaconda,Descomposición,6,36,1
7386,Anaconda,Consumidor terciario,Venado,Depredación,8,2,4
7387,Rana venenosa,Descomponedor,Venado,Descomposición,7,43,10
7388,Mono araña,Consumidor primario,Mono araña,Competencia,7,19,4
7389,Jaguar,Consumidor secundario,Boa constrictor,Mutualismo,10,45,1
7390,Rana venenosa,Consumidor primario,Hormiga cortadora,Descomposición,6,16,10
7391,Hormiga cortadora,Productor,Hormiga cortadora,Descomposición,6,17,6
7392,Venado,Consumidor terciario,Tucán,Descomposición,5,35,5
7393,Rana venenosa,Productor,Tucán,Depredación,5,35,5
7394,Termitas,Descomponedor,Mono araña,Competencia,8,11,8
7395,Termitas,Consumidor secundario,Anaconda,Herbivoría,1,3,5
7396,Jaguar,Consumidor terciario,Termitas,Herbivoría,1,2,7
7397,Termitas,Descomponedor,Tucán,Mutualismo,5,13,3
7398,Rana venenosa,Consumidor primario,Boa constrictor,Herbivoría,3,7,6
7399,Águila harpía,Productor,Rana venenosa,Depredación,8,22,2
7400,Termitas,Descomponedor,Venado,Depredación,7,24,1
7401,Venado,Consumidor secundario,Termitas,Competencia,3,29,4
7402,Hormiga cortadora,Consumidor secundario,Tucán,Competencia,10,50,3
7403,Termitas,Productor,Termitas,Depredación,4,2,3
7404,Termitas,Consumidor secundario,Tucán,Competencia,7,14,5
7405,Águila harpía,Consumidor secundario,Hormiga cortadora,Herbivoría,1,22,8
7406,Rana venenosa,Consumidor primario,Boa constrictor,Herbivoría,2,10,6
7407,Águila harpía,Consumidor primario,Tucán,Descomposición,5,8,6
7408,Termitas,Consumidor primario,Rana venenosa,Mutualismo,3,35,7
7409,Águila harpía,Consumidor secundario,Venado,Competencia,1,40,8
7410,Anaconda,Consumidor primario,Águila harpía,Depredación,5,11,4
7411,Hormiga cortadora,Descomponedor,Rana venenosa,Depredación,4,8,1
7412,Venado,Descomponedor,Tucán,Competencia,9,7,5
7413,Termitas,Consumidor secundario,Rana venenosa,Herbivoría,6,10,10
7414,Hormiga cortadora,Consumidor terciario,Hormiga cortadora,Depredación,9,43,2
7415,Jaguar,Consumidor primario,Tucán,Competencia,4,20,10
7416,Boa constrictor,Consumidor terciario,Jaguar,Descomposición,5,3,7
7417,Águila harpía,Consumidor primario,Jaguar,Descomposición,9,20,5
7418,Tucán,Consumidor secundario,Jaguar,Depredación,6,8,4
7419,Tucán,Consumidor secundario,Rana venenosa,Competencia,5,16,1
7420,Jaguar,Productor,Tucán,Competencia,4,46,6
7421,Venado,Consumidor terciario,Venado,Depredación,10,11,5
7422,Termitas,Consumidor terciario,Termitas,Descomposición,2,4,9
7423,Boa constrictor,Consumidor secundario,Termitas,Depredación,9,2,3
7424,Venado,Consumidor primario,Mono araña,Herbivoría,10,38,10
7425,Águila harpía,Consumidor primario,Rana venenosa,Herbivoría,5,43,8
7426,Boa constrictor,Descomponedor,Rana venenosa,Depredación,4,16,10
7427,Mono araña,Consumidor terciario,Termitas,Descomposición,6,18,1
7428,Rana venenosa,Productor,Boa constrictor,Mutualismo,3,28,7
7429,Termitas,Descomponedor,Hormiga cortadora,Descomposición,3,48,10
7430,Hormiga cortadora,Consumidor primario,Águila harpía,Competencia,4,10,5
7431,Venado,Productor,Hormiga cortadora,Competencia,7,39,9
7432,Venado,Consumidor terciario,Venado,Mutualismo,10,16,3
7433,Jaguar,Productor,Mono araña,Depredación,7,7,1
7434,Águila harpía,Consumidor secundario,Mono araña,Mutualismo,9,11,4
7435,Águila harpía,Consumidor secundario,Tucán,Mutualismo,7,10,5
7436,Mono araña,Consumidor secundario,Jaguar,Competencia,10,44,10
7437,Hormiga cortadora,Consumidor terciario,Termitas,Descomposición,1,28,3
7438,Hormiga cortadora,Consumidor secundario,Hormiga cortadora,Mutualismo,9,9,10
7439,Venado,Consumidor primario,Tucán,Depredación,4,36,3
7440,Boa constrictor,Consumidor primario,Termitas,Descomposición,4,36,6
7441,Termitas,Descomponedor,Termitas,Depredación,7,33,2
7442,Jaguar,Consumidor secundario,Jaguar,Descomposición,2,28,3
7443,Rana venenosa,Consumidor terciario,Hormiga cortadora,Mutualismo,2,5,6
7444,Hormiga cortadora,Consumidor secundario,Hormiga cortadora,Herbivoría,2,48,8
7445,Águila harpía,Consumidor secundario,Venado,Mutualismo,3,26,3
7446,Jaguar,Consumidor primario,Tucán,Descomposición,2,27,9
7447,Termitas,Consumidor secundario,Termitas,Descomposición,4,25,10
7448,Boa constrictor,Descomponedor,Hormiga cortadora,Descomposición,7,3,9
7449,Mono araña,Productor,Anaconda,Depredación,7,28,10
7450,Termitas,Consumidor terciario,Termitas,Herbivoría,4,26,8
7451,Rana venenosa,Consumidor primario,Tucán,Depredación,1,34,2
7452,Jaguar,Productor,Termitas,Descomposición,3,31,9
7453,Venado,Consumidor terciario,Anaconda,Descomposición,10,46,8
7454,Tucán,Productor,Jaguar,Depredación,7,36,1
7455,Anaconda,Consumidor secundario,Hormiga cortadora,Mutualismo,3,48,9
7456,Tucán,Consumidor primario,Águila harpía,Herbivoría,3,31,9
7457,Mono araña,Consumidor secundario,Rana venenosa,Mutualismo,7,32,10
7458,Hormiga cortadora,Descomponedor,Termitas,Competencia,6,35,4
7459,Rana venenosa,Productor,Jaguar,Mutualismo,2,19,2
7460,Hormiga cortadora,Consumidor primario,Anaconda,Depredación,1,5,6
7461,Jaguar,Consumidor secundario,Termitas,Competencia,3,17,10
7462,Rana venenosa,Productor,Venado,Depredación,3,30,2
7463,Termitas,Descomponedor,Mono araña,Herbivoría,6,12,1
7464,Boa constrictor,Productor,Termitas,Competencia,5,45,1
7465,Rana venenosa,Consumidor terciario,Hormiga cortadora,Mutualismo,9,37,4
7466,Rana venenosa,Productor,Tucán,Competencia,10,49,6
7467,Hormiga cortadora,Consumidor primario,Hormiga cortadora,Depredación,4,42,1
7468,Tucán,Consumidor secundario,Boa constrictor,Depredación,2,28,5
7469,Anaconda,Consumidor terciario,Boa constrictor,Mutualismo,7,41,5
7470,Termitas,Consumidor terciario,Boa constrictor,Competencia,5,26,6
7471,Termitas,Productor,Anaconda,Depredación,7,6,8
7472,Hormiga cortadora,Productor,Termitas,Herbivoría,6,28,8
7473,Termitas,Consumidor primario,Mono araña,Mutualismo,1,20,8
7474,Jaguar,Consumidor terciario,Mono araña,Descomposición,9,7,10
7475,Hormiga cortadora,Consumidor secundario,Boa constrictor,Herbivoría,4,3,3
7476,Boa constrictor,Productor,Termitas,Descomposición,3,9,1
7477,Tucán,Consumidor secundario,Mono araña,Competencia,7,28,8
7478,Tucán,Consumidor secundario,Anaconda,Competencia,8,39,8
7479,Termitas,Consumidor secundario,Rana venenosa,Competencia,3,35,1
7480,Hormiga cortadora,Consumidor primario,Anaconda,Competencia,9,16,2
7481,Boa constrictor,Consumidor primario,Águila harpía,Depredación,4,12,2
7482,Termitas,Descomponedor,Águila harpía,Competencia,2,41,3
7483,Tucán,Descomponedor,Boa constrictor,Depredación,4,2,2
7484,Hormiga cortadora,Consumidor secundario,Hormiga cortadora,Descomposición,2,20,9
7485,Jaguar,Consumidor terciario,Boa constrictor,Descomposición,7,4,4
7486,Rana venenosa,Consumidor terciario,Rana venenosa,Descomposición,3,48,4
7487,Rana venenosa,Consumidor secundario,Rana venenosa,Mutualismo,6,22,6
7488,Anaconda,Consumidor primario,Rana venenosa,Descomposición,1,46,3
7489,Boa constrictor,Consumidor terciario,Venado,Descomposición,9,38,7
7490,Rana venenosa,Consumidor secundario,Jaguar,Mutualismo,2,7,4
7491,Termitas,Productor,Termitas,Mutualismo,9,31,9
7492,Jaguar,Descomponedor,Tucán,Descomposición,10,14,8
7493,Águila harpía,Consumidor primario,Águila harpía,Depredación,6,36,6
7494,Boa constrictor,Consumidor terciario,Mono araña,Competencia,6,19,5
7495,Anaconda,Consumidor secundario,Hormiga cortadora,Mutualismo,1,41,5
7496,Jaguar,Consumidor primario,Rana venenosa,Competencia,1,1,6
7497,Rana venenosa,Productor,Boa constrictor,Competencia,7,43,2
7498,Águila harpía,Consumidor terciario,Jaguar,Herbivoría,2,38,8
7499,Jaguar,Descomponedor,Termitas,Mutualismo,1,33,10
7500,Mono araña,Consumidor terciario,Venado,Mutualismo,8,13,10
7501,Termitas,Consumidor secundario,Jaguar,Herbivoría,2,21,8
7502,Hormiga cortadora,Consumidor primario,Hormiga cortadora,Herbivoría,2,9,8
7503,Tucán,Productor,Rana venenosa,Competencia,10,30,5
7504,Jaguar,Descomponedor,Mono araña,Mutualismo,5,7,7
7505,Venado,Productor,Rana venenosa,Mutualismo,5,30,2
7506,Boa constrictor,Descomponedor,Boa constrictor,Competencia,6,5,4
7507,Anaconda,Descomponedor,Venado,Depredación,9,35,2
7508,Tucán,Consumidor secundario,Termitas,Depredación,1,45,3
7509,Águila harpía,Consumidor terciario,Boa constrictor,Herbivoría,8,10,1
7510,Jaguar,Productor,Hormiga cortadora,Depredación,8,38,6
7511,Boa constrictor,Consumidor primario,Hormiga cortadora,Mutualismo,2,44,3
7512,Jaguar,Productor,Rana venenosa,Depredación,4,36,5
7513,Tucán,Consumidor primario,Águila harpía,Descomposición,7,22,2
7514,Águila harpía,Consumidor terciario,Hormiga cortadora,Depredación,4,43,10
7515,Tucán,Productor,Hormiga cortadora,Mutualismo,7,41,7
7516,Boa constrictor,Consumidor primario,Jaguar,Competencia,9,50,5
7517,Venado,Productor,Mono araña,Competencia,7,49,7
7518,Boa constrictor,Consumidor terciario,Boa constrictor,Herbivoría,7,26,4
7519,Termitas,Descomponedor,Águila harpía,Mutualismo,7,13,10
7520,Rana venenosa,Productor,Hormiga cortadora,Competencia,6,7,3
7521,Águila harpía,Consumidor terciario,Termitas,Mutualismo,5,36,1
7522,Rana venenosa,Productor,Jaguar,Depredación,10,41,9
7523,Anaconda,Consumidor terciario,Termitas,Descomposición,3,50,9
7524,Venado,Consumidor terciario,Tucán,Competencia,9,27,9
7525,Hormiga cortadora,Descomponedor,Hormiga cortadora,Descomposición,9,32,6
7526,Jaguar,Consumidor terciario,Jaguar,Mutualismo,3,18,1
7527,Jaguar,Consumidor secundario,Jaguar,Descomposición,2,10,7
7528,Anaconda,Consumidor secundario,Rana venenosa,Descomposición,4,1,3
7529,Hormiga cortadora,Consumidor secundario,Mono araña,Herbivoría,7,24,9
7530,Mono araña,Consumidor secundario,Termitas,Depredación,4,46,1
7531,Termitas,Productor,Termitas,Depredación,9,7,2
7532,Jaguar,Descomponedor,Mono araña,Herbivoría,3,45,2
7533,Jaguar,Consumidor terciario,Mono araña,Mutualismo,4,21,4
7534,Jaguar,Consumidor secundario,Anaconda,Mutualismo,4,8,2
7535,Águila harpía,Productor,Anaconda,Competencia,7,4,6
7536,Termitas,Consumidor terciario,Águila harpía,Depredación,9,1,5
7537,Anaconda,Consumidor secundario,Rana venenosa,Descomposición,5,45,4
7538,Hormiga cortadora,Productor,Jaguar,Competencia,10,50,9
7539,Jaguar,Consumidor secundario,Anaconda,Descomposición,5,18,1
7540,Hormiga cortadora,Consumidor primario,Mono araña,Descomposición,1,20,7
7541,Tucán,Consumidor secundario,Anaconda,Depredación,5,24,8
7542,Termitas,Productor,Águila harpía,Mutualismo,9,27,1
7543,Boa constrictor,Consumidor primario,Tucán,Descomposición,8,17,2
7544,Termitas,Consumidor terciario,Termitas,Herbivoría,4,10,3
7545,Mono araña,Consumidor primario,Boa constrictor,Descomposición,9,29,4
7546,Rana venenosa,Consumidor terciario,Termitas,Depredación,5,13,2
7547,Rana venenosa,Consumidor primario,Águila harpía,Mutualismo,9,6,3
7548,Tucán,Consumidor secundario,Jaguar,Competencia,4,2,2
7549,Hormiga cortadora,Consumidor terciario,Boa constrictor,Depredación,10,13,6
7550,Jaguar,Consumidor secundario,Venado,Herbivoría,3,37,7
7551,Venado,Consumidor primario,Jaguar,Descomposición,1,33,10
7552,Rana venenosa,Consumidor terciario,Rana venenosa,Mutualismo,5,16,9
7553,Venado,Consumidor terciario,Águila harpía,Competencia,8,32,10
7554,Boa constrictor,Consumidor primario,Tucán,Mutualismo,6,47,5
7555,Venado,Productor,Boa constrictor,Competencia,10,29,4
7556,Anaconda,Consumidor primario,Mono araña,Competencia,3,19,5
7557,Hormiga cortadora,Consumidor primario,Águila harpía,Descomposición,1,22,3
7558,Hormiga cortadora,Consumidor secundario,Mono araña,Herbivoría,1,31,3
7559,Tucán,Consumidor terciario,Hormiga cortadora,Herbivoría,5,27,2
7560,Anaconda,Consumidor primario,Jaguar,Descomposición,5,8,7
7561,Tucán,Descomponedor,Mono araña,Herbivoría,7,1,1
7562,Rana venenosa,Consumidor terciario,Venado,Competencia,3,26,9
7563,Venado,Consumidor primario,Termitas,Competencia,1,24,10
7564,Termitas,Consumidor secundario,Anaconda,Depredación,3,2,5
7565,Venado,Descomponedor,Rana venenosa,Competencia,3,25,5
7566,Hormiga cortadora,Descomponedor,Anaconda,Herbivoría,7,21,5
7567,Jaguar,Consumidor terciario,Boa constrictor,Mutualismo,7,32,2
7568,Tucán,Descomponedor,Hormiga cortadora,Depredación,10,41,10
7569,Jaguar,Consumidor terciario,Rana venenosa,Herbivoría,4,4,9
7570,Anaconda,Consumidor primario,Mono araña,Mutualismo,5,45,7
7571,Venado,Consumidor primario,Anaconda,Depredación,6,12,10
7572,Mono araña,Productor,Jaguar,Mutualismo,4,1,4
7573,Termitas,Descomponedor,Hormiga cortadora,Herbivoría,5,48,3
7574,Jaguar,Descomponedor,Hormiga cortadora,Depredación,7,37,9
7575,Rana venenosa,Consumidor terciario,Jaguar,Competencia,3,27,9
7576,Tucán,Descomponedor,Hormiga cortadora,Competencia,4,25,5
7577,Boa constrictor,Consumidor primario,Jaguar,Competencia,10,40,8
7578,Anaconda,Consumidor terciario,Boa constrictor,Depredación,3,50,4
7579,Hormiga cortadora,Consumidor secundario,Venado,Competencia,1,34,4
7580,Anaconda,Consumidor terciario,Jaguar,Descomposición,1,25,4
7581,Rana venenosa,Consumidor secundario,Venado,Descomposición,1,21,10
7582,Anaconda,Descomponedor,Águila harpía,Mutualismo,9,25,2
7583,Boa constrictor,Descomponedor,Tucán,Depredación,8,8,4
7584,Jaguar,Consumidor primario,Venado,Herbivoría,4,19,6
7585,Tucán,Consumidor secundario,Termitas,Herbivoría,8,35,1
7586,Tucán,Consumidor terciario,Tucán,Herbivoría,3,50,9
7587,Hormiga cortadora,Consumidor secundario,Anaconda,Mutualismo,5,29,8
7588,Boa constrictor,Consumidor primario,Tucán,Herbivoría,4,11,7
7589,Águila harpía,Productor,Jaguar,Herbivoría,7,29,4
7590,Mono araña,Consumidor primario,Águila harpía,Descomposición,4,28,5
7591,Anaconda,Consumidor secundario,Águila harpía,Descomposición,3,49,6
7592,Hormiga cortadora,Consumidor primario,Venado,Competencia,5,37,3
7593,Jaguar,Consumidor primario,Venado,Depredación,6,43,7
7594,Termitas,Consumidor secundario,Termitas,Competencia,10,38,10
7595,Boa constrictor,Consumidor primario,Hormiga cortadora,Mutualismo,8,30,10
7596,Termitas,Productor,Tucán,Herbivoría,7,18,7
7597,Boa constrictor,Productor,Águila harpía,Depredación,3,16,9
7598,Águila harpía,Consumidor terciario,Mono araña,Mutualismo,4,46,6
7599,Termitas,Consumidor secundario,Tucán,Depredación,3,11,2
7600,Tucán,Descomponedor,Termitas,Descomposición,8,16,9
7601,Mono araña,Consumidor secundario,Termitas,Descomposición,7,22,10
7602,Anaconda,Productor,Tucán,Depredación,2,27,2
7603,Águila harpía,Consumidor terciario,Mono araña,Descomposición,10,50,6
7604,Termitas,Consumidor secundario,Boa constrictor,Descomposición,2,12,6
7605,Águila harpía,Consumidor primario,Mono araña,Herbivoría,6,33,9
7606,Venado,Productor,Venado,Descomposición,5,22,4
7607,Hormiga cortadora,Consumidor secundario,Rana venenosa,Depredación,1,16,9
7608,Jaguar,Consumidor terciario,Jaguar,Descomposición,3,48,7
7609,Águila harpía,Consumidor terciario,Anaconda,Mutualismo,4,48,7
7610,Mono araña,Productor,Termitas,Depredación,4,25,2
7611,Tucán,Consumidor terciario,Termitas,Herbivoría,10,30,2
7612,Hormiga cortadora,Consumidor primario,Anaconda,Competencia,4,41,1
7613,Venado,Consumidor primario,Mono araña,Herbivoría,7,30,8
7614,Venado,Consumidor terciario,Mono araña,Competencia,5,46,7
7615,Jaguar,Consumidor terciario,Anaconda,Depredación,2,27,6
7616,Boa constrictor,Descomponedor,Tucán,Mutualismo,7,10,7
7617,Venado,Consumidor terciario,Águila harpía,Descomposición,10,7,10
7618,Rana venenosa,Productor,Venado,Herbivoría,10,38,5
7619,Anaconda,Productor,Águila harpía,Competencia,9,40,4
7620,Tucán,Consumidor primario,Mono araña,Competencia,5,7,4
7621,Boa constrictor,Consumidor secundario,Anaconda,Depredación,10,29,4
7622,Mono araña,Descomponedor,Boa constrictor,Descomposición,5,29,7
7623,Boa constrictor,Productor,Rana venenosa,Descomposición,10,40,2
7624,Jaguar,Descomponedor,Hormiga cortadora,Competencia,5,5,8
7625,Águila harpía,Descomponedor,Rana venenosa,Mutualismo,1,35,8
7626,Boa constrictor,Consumidor terciario,Anaconda,Depredación,9,9,6
7627,Venado,Consumidor terciario,Anaconda,Mutualismo,10,38,10
7628,Venado,Consumidor primario,Jaguar,Mutualismo,10,47,9
7629,Jaguar,Descomponedor,Jaguar,Depredación,2,44,5
7630,Jaguar,Consumidor primario,Boa constrictor,Descomposición,1,16,6
7631,Mono araña,Descomponedor,Mono araña,Descomposición,6,43,2
7632,Tucán,Consumidor terciario,Anaconda,Competencia,4,22,7
7633,Anaconda,Productor,Boa constrictor,Descomposición,6,21,10
7634,Mono araña,Consumidor secundario,Hormiga cortadora,Depredación,9,29,8
7635,Águila harpía,Consumidor primario,Venado,Competencia,8,28,2
7636,Rana venenosa,Consumidor primario,Anaconda,Depredación,6,28,10
7637,Venado,Consumidor secundario,Tucán,Descomposición,1,32,10
7638,Tucán,Consumidor primario,Mono araña,Depredación,10,11,8
7639,Rana venenosa,Consumidor secundario,Hormiga cortadora,Herbivoría,9,17,8
7640,Águila harpía,Descomponedor,Mono araña,Descomposición,4,4,3
7641,Hormiga cortadora,Productor,Anaconda,Mutualismo,3,28,2
7642,Mono araña,Descomponedor,Tucán,Herbivoría,9,20,10
7643,Rana venenosa,Consumidor secundario,Jaguar,Herbivoría,7,19,6
7644,Águila harpía,Descomponedor,Venado,Mutualismo,2,2,6
7645,Águila harpía,Productor,Hormiga cortadora,Herbivoría,3,7,9
7646,Tucán,Productor,Mono araña,Herbivoría,6,3,2
7647,Venado,Productor,Rana venenosa,Competencia,2,29,7
7648,Venado,Descomponedor,Jaguar,Depredación,7,29,1
7649,Venado,Consumidor primario,Anaconda,Competencia,3,29,4
7650,Tucán,Descomponedor,Hormiga cortadora,Competencia,5,37,7
7651,Águila harpía,Descomponedor,Termitas,Mutualismo,2,26,1
7652,Mono araña,Consumidor primario,Boa constrictor,Depredación,2,22,1
7653,Termitas,Productor,Termitas,Mutualismo,9,29,2
7654,Hormiga cortadora,Consumidor primario,Rana venenosa,Descomposición,1,12,8
7655,Jaguar,Productor,Jaguar,Competencia,5,48,8
7656,Jaguar,Descomponedor,Rana venenosa,Depredación,2,47,1
7657,Boa constrictor,Descomponedor,Termitas,Herbivoría,2,42,5
7658,Hormiga cortadora,Productor,Boa constrictor,Depredación,7,8,10
7659,Jaguar,Descomponedor,Jaguar,Competencia,9,27,5
7660,Boa constrictor,Consumidor terciario,Rana venenosa,Herbivoría,5,16,7
7661,Termitas,Consumidor terciario,Hormiga cortadora,Mutualismo,8,1,6
7662,Venado,Descomponedor,Termitas,Herbivoría,7,28,5
7663,Hormiga cortadora,Consumidor terciario,Jaguar,Descomposición,7,32,6
7664,Venado,Descomponedor,Hormiga cortadora,Competencia,5,47,3
7665,Tucán,Consumidor terciario,Venado,Mutualismo,4,45,6
7666,Termitas,Productor,Anaconda,Competencia,3,42,10
7667,Jaguar,Consumidor primario,Venado,Herbivoría,10,32,9
7668,Hormiga cortadora,Consumidor terciario,Anaconda,Mutualismo,8,39,10
7669,Termitas,Consumidor secundario,Termitas,Competencia,8,48,5
7670,Anaconda,Productor,Anaconda,Depredación,7,47,9
7671,Jaguar,Descomponedor,Anaconda,Descomposición,5,39,6
7672,Águila harpía,Consumidor terciario,Jaguar,Mutualismo,9,47,5
7673,Rana venenosa,Productor,Venado,Depredación,3,22,5
7674,Hormiga cortadora,Consumidor secundario,Termitas,Herbivoría,5,22,1
7675,Anaconda,Consumidor secundario,Jaguar,Competencia,8,39,9
7676,Termitas,Consumidor secundario,Águila harpía,Mutualismo,8,14,5
7677,Boa constrictor,Descomponedor,Tucán,Depredación,5,2,9
7678,Tucán,Descomponedor,Termitas,Competencia,2,37,1
7679,Jaguar,Consumidor primario,Rana venenosa,Mutualismo,4,13,7
7680,Rana venenosa,Consumidor secundario,Hormiga cortadora,Mutualismo,7,44,1
7681,Jaguar,Consumidor terciario,Jaguar,Mutualismo,8,10,5
7682,Hormiga cortadora,Consumidor primario,Tucán,Descomposición,7,14,2
7683,Boa constrictor,Consumidor secundario,Venado,Herbivoría,7,25,7
7684,Termitas,Consumidor secundario,Tucán,Depredación,7,12,1
7685,Jaguar,Consumidor primario,Jaguar,Depredación,5,19,3
7686,Anaconda,Descomponedor,Mono araña,Competencia,1,47,6
7687,Hormiga cortadora,Productor,Tucán,Descomposición,8,15,5
7688,Jaguar,Productor,Mono araña,Competencia,2,44,10
7689,Termitas,Consumidor terciario,Tucán,Mutualismo,10,30,8
7690,Rana venenosa,Consumidor primario,Jaguar,Depredación,4,40,3
7691,Hormiga cortadora,Consumidor terciario,Boa constrictor,Depredación,6,22,5
7692,Boa constrictor,Descomponedor,Jaguar,Mutualismo,2,48,6
7693,Venado,Descomponedor,Mono araña,Depredación,2,23,1
7694,Jaguar,Productor,Jaguar,Descomposición,7,32,6
7695,Jaguar,Consumidor primario,Termitas,Competencia,9,18,8
7696,Venado,Consumidor primario,Hormiga cortadora,Descomposición,10,11,6
7697,Hormiga cortadora,Consumidor terciario,Venado,Depredación,7,8,10
7698,Hormiga cortadora,Productor,Termitas,Descomposición,4,49,4
7699,Boa constrictor,Consumidor terciario,Anaconda,Mutualismo,4,10,3
7700,Anaconda,Consumidor primario,Anaconda,Descomposición,3,47,4
7701,Mono araña,Productor,Jaguar,Mutualismo,7,42,3
7702,Jaguar,Consumidor terciario,Tucán,Herbivoría,4,22,3
7703,Águila harpía,Consumidor primario,Anaconda,Descomposición,2,36,6
7704,Venado,Descomponedor,Águila harpía,Descomposición,10,25,2
7705,Mono araña,Consumidor primario,Águila harpía,Descomposición,8,30,9
7706,Mono araña,Descomponedor,Venado,Descomposición,3,35,8
7707,Termitas,Productor,Hormiga cortadora,Depredación,10,28,10
7708,Mono araña,Consumidor terciario,Tucán,Descomposición,10,5,5
7709,Rana venenosa,Consumidor primario,Rana venenosa,Mutualismo,10,18,6
7710,Hormiga cortadora,Consumidor primario,Termitas,Descomposición,1,33,4
7711,Jaguar,Consumidor primario,Tucán,Herbivoría,10,8,4
7712,Águila harpía,Productor,Venado,Competencia,6,22,4
7713,Boa constrictor,Productor,Anaconda,Descomposición,8,7,6
7714,Águila harpía,Productor,Hormiga cortadora,Descomposición,4,31,3
7715,Rana venenosa,Consumidor secundario,Hormiga cortadora,Herbivoría,7,29,8
7716,Anaconda,Consumidor secundario,Termitas,Competencia,9,49,3
7717,Termitas,Consumidor terciario,Anaconda,Depredación,8,36,5
7718,Águila harpía,Productor,Jaguar,Herbivoría,3,27,1
7719,Boa constrictor,Productor,Termitas,Descomposición,9,43,2
7720,Boa constrictor,Consumidor secundario,Hormiga cortadora,Depredación,9,4,10
7721,Mono araña,Consumidor primario,Anaconda,Depredación,9,5,2
7722,Tucán,Consumidor primario,Jaguar,Descomposición,5,6,5
7723,Tucán,Descomponedor,Águila harpía,Herbivoría,9,40,9
7724,Venado,Productor,Termitas,Descomposición,10,16,5
7725,Jaguar,Productor,Águila harpía,Herbivoría,1,36,7
7726,Termitas,Consumidor terciario,Mono araña,Herbivoría,8,33,9
7727,Águila harpía,Productor,Venado,Mutualismo,8,21,10
7728,Venado,Descomponedor,Venado,Herbivoría,6,18,6
7729,Mono araña,Consumidor primario,Anaconda,Depredación,7,25,6
7730,Termitas,Consumidor terciario,Jaguar,Herbivoría,5,13,10
7731,Águila harpía,Consumidor primario,Anaconda,Mutualismo,8,42,7
7732,Venado,Consumidor secundario,Tucán,Herbivoría,10,44,4
7733,Boa constrictor,Consumidor terciario,Anaconda,Descomposición,9,48,8
7734,Rana venenosa,Descomponedor,Águila harpía,Mutualismo,1,7,9
7735,Hormiga cortadora,Consumidor secundario,Boa constrictor,Herbivoría,2,33,7
7736,Mono araña,Productor,Rana venenosa,Competencia,8,47,8
7737,Termitas,Consumidor terciario,Hormiga cortadora,Competencia,5,25,7
7738,Jaguar,Descomponedor,Hormiga cortadora,Herbivoría,7,36,8
7739,Boa constrictor,Descomponedor,Boa constrictor,Depredación,2,36,5
7740,Venado,Productor,Águila harpía,Mutualismo,8,40,10
7741,Boa constrictor,Productor,Mono araña,Herbivoría,10,47,9
7742,Tucán,Consumidor terciario,Rana venenosa,Mutualismo,2,37,10
7743,Jaguar,Consumidor terciario,Jaguar,Competencia,4,17,6
7744,Venado,Consumidor secundario,Tucán,Competencia,6,31,3
7745,Jaguar,Consumidor primario,Boa constrictor,Descomposición,10,27,7
7746,Águila harpía,Consumidor secundario,Águila harpía,Mutualismo,1,7,5
7747,Termitas,Consumidor terciario,Termitas,Mutualismo,5,6,10
7748,Tucán,Consumidor terciario,Águila harpía,Depredación,6,3,6
7749,Tucán,Productor,Boa constrictor,Competencia,1,5,8
7750,Mono araña,Productor,Hormiga cortadora,Mutualismo,7,50,10
7751,Jaguar,Descomponedor,Anaconda,Descomposición,8,25,10
7752,Boa constrictor,Productor,Rana venenosa,Depredación,7,35,7
7753,Termitas,Consumidor terciario,Águila harpía,Depredación,7,50,6
7754,Mono araña,Descomponedor,Termitas,Competencia,5,24,5
7755,Rana venenosa,Consumidor terciario,Hormiga cortadora,Competencia,7,37,10
7756,Jaguar,Descomponedor,Venado,Depredación,5,18,5
7757,Venado,Consumidor secundario,Jaguar,Herbivoría,8,32,2
7758,Tucán,Consumidor secundario,Águila harpía,Herbivoría,1,44,8
7759,Anaconda,Productor,Rana venenosa,Depredación,5,45,6
7760,Anaconda,Productor,Boa constrictor,Mutualismo,5,28,2
7761,Hormiga cortadora,Consumidor terciario,Boa constrictor,Herbivoría,8,23,3
7762,Hormiga cortadora,Consumidor secundario,Anaconda,Competencia,9,10,6
7763,Jaguar,Descomponedor,Anaconda,Mutualismo,7,14,8
7764,Hormiga cortadora,Consumidor primario,Rana venenosa,Mutualismo,2,15,5
7765,Tucán,Consumidor primario,Tucán,Mutualismo,4,40,9
7766,Tucán,Consumidor primario,Tucán,Descomposición,7,36,8
7767,Anaconda,Consumidor secundario,Anaconda,Mutualismo,6,23,6
7768,Águila harpía,Descomponedor,Águila harpía,Herbivoría,9,6,1
7769,Venado,Consumidor primario,Hormiga cortadora,Mutualismo,5,24,6
7770,Anaconda,Descomponedor,Mono araña,Descomposición,7,2,9
7771,Rana venenosa,Consumidor terciario,Boa constrictor,Herbivoría,1,14,5
7772,Venado,Consumidor terciario,Venado,Depredación,4,25,8
7773,Venado,Consumidor secundario,Águila harpía,Mutualismo,2,4,3
7774,Águila harpía,Consumidor terciario,Águila harpía,Competencia,7,39,8
7775,Venado,Consumidor terciario,Águila harpía,Depredación,5,6,9
7776,Jaguar,Descomponedor,Águila harpía,Herbivoría,3,10,2
7777,Jaguar,Descomponedor,Termitas,Herbivoría,8,18,5
7778,Águila harpía,Consumidor primario,Tucán,Descomposición,1,27,2
7779,Tucán,Productor,Boa constrictor,Mutualismo,5,3,4
7780,Jaguar,Descomponedor,Hormiga cortadora,Depredación,5,29,3
7781,Boa constrictor,Descomponedor,Águila harpía,Herbivoría,9,24,10
7782,Termitas,Consumidor terciario,Jaguar,Mutualismo,3,37,8
7783,Anaconda,Productor,Hormiga cortadora,Competencia,5,25,1
7784,Jaguar,Consumidor primario,Hormiga cortadora,Competencia,2,43,8
7785,Tucán,Consumidor primario,Tucán,Herbivoría,3,31,8
7786,Venado,Productor,Águila harpía,Herbivoría,5,2,8
7787,Jaguar,Consumidor primario,Boa constrictor,Competencia,5,25,6
7788,Águila harpía,Consumidor terciario,Mono araña,Mutualismo,4,41,3
7789,Águila harpía,Descomponedor,Rana venenosa,Competencia,1,36,10
7790,Hormiga cortadora,Productor,Águila harpía,Mutualismo,5,50,2
7791,Mono araña,Consumidor terciario,Rana venenosa,Competencia,2,49,7
7792,Termitas,Consumidor primario,Jaguar,Mutualismo,3,30,4
7793,Boa constrictor,Consumidor terciario,Rana venenosa,Descomposición,8,8,5
7794,Termitas,Descomponedor,Águila harpía,Mutualismo,10,34,5
7795,Rana venenosa,Productor,Anaconda,Competencia,3,36,3
7796,Mono araña,Consumidor terciario,Mono araña,Depredación,4,19,8
7797,Mono araña,Consumidor terciario,Águila harpía,Mutualismo,9,38,5
7798,Anaconda,Consumidor terciario,Boa constrictor,Competencia,2,48,5
7799,Águila harpía,Consumidor terciario,Mono araña,Competencia,3,48,1
7800,Venado,Consumidor secundario,Águila harpía,Mutualismo,10,2,10
7801,Termitas,Descomponedor,Águila harpía,Herbivoría,8,19,3
7802,Termitas,Consumidor secundario,Mono araña,Depredación,4,50,1
7803,Termitas,Consumidor terciario,Hormiga cortadora,Herbivoría,1,41,6
7804,Anaconda,Consumidor terciario,Mono araña,Depredación,6,37,3
7805,Rana venenosa,Consumidor primario,Águila harpía,Competencia,1,22,8
7806,Hormiga cortadora,Consumidor primario,Venado,Competencia,7,25,7
7807,Tucán,Consumidor secundario,Jaguar,Herbivoría,7,37,6
7808,Hormiga cortadora,Productor,Boa constrictor,Competencia,4,2,7
7809,Hormiga cortadora,Consumidor secundario,Hormiga cortadora,Depredación,2,40,8
7810,Jaguar,Productor,Venado,Descomposición,8,10,8
7811,Mono araña,Productor,Anaconda,Depredación,8,8,6
7812,Mono araña,Descomponedor,Jaguar,Depredación,3,19,7
7813,Mono araña,Descomponedor,Venado,Descomposición,7,3,7
7814,Venado,Productor,Termitas,Competencia,1,24,8
7815,Tucán,Productor,Venado,Descomposición,2,49,6
7816,Mono araña,Descomponedor,Boa constrictor,Descomposición,2,11,6
7817,Hormiga cortadora,Productor,Termitas,Descomposición,7,47,4
7818,Anaconda,Consumidor primario,Jaguar,Herbivoría,9,8,4
7819,Anaconda,Descomponedor,Hormiga cortadora,Descomposición,1,50,9
7820,Águila harpía,Consumidor terciario,Hormiga cortadora,Competencia,1,11,9
7821,Anaconda,Consumidor secundario,Águila harpía,Mutualismo,3,13,3
7822,Águila harpía,Productor,Águila harpía,Depredación,2,4,2
7823,Mono araña,Descomponedor,Anaconda,Herbivoría,2,32,1
7824,Hormiga cortadora,Descomponedor,Hormiga cortadora,Descomposición,7,16,1
7825,Anaconda,Consumidor secundario,Termitas,Depredación,6,15,10
7826,Venado,Descomponedor,Rana venenosa,Depredación,9,31,8
7827,Tucán,Consumidor terciario,Anaconda,Descomposición,6,7,6
7828,Águila harpía,Descomponedor,Hormiga cortadora,Descomposición,4,34,3
7829,Rana venenosa,Consumidor secundario,Termitas,Mutualismo,10,2,2
7830,Rana venenosa,Productor,Boa constrictor,Herbivoría,3,30,1
7831,Águila harpía,Consumidor primario,Tucán,Competencia,3,8,8
7832,Tucán,Consumidor secundario,Tucán,Depredación,3,28,10
7833,Hormiga cortadora,Consumidor primario,Águila harpía,Mutualismo,6,43,5
7834,Rana venenosa,Consumidor terciario,Rana venenosa,Depredación,1,18,9
7835,Rana venenosa,Consumidor terciario,Venado,Descomposición,10,8,5
7836,Jaguar,Productor,Águila harpía,Mutualismo,4,35,3
7837,Termitas,Descomponedor,Tucán,Mutualismo,3,28,9
7838,Tucán,Descomponedor,Rana venenosa,Mutualismo,10,38,5
7839,Jaguar,Consumidor terciario,Hormiga cortadora,Depredación,8,5,4
7840,Jaguar,Consumidor primario,Mono araña,Mutualismo,10,43,1
7841,Venado,Descomponedor,Tucán,Descomposición,8,41,8
7842,Venado,Descomponedor,Hormiga cortadora,Depredación,1,13,8
7843,Mono araña,Descomponedor,Rana venenosa,Descomposición,9,22,7
7844,Tucán,Consumidor secundario,Anaconda,Mutualismo,8,17,5
7845,Águila harpía,Descomponedor,Boa constrictor,Descomposición,1,6,2
7846,Termitas,Consumidor secundario,Rana venenosa,Mutualismo,1,23,6
7847,Rana venenosa,Consumidor secundario,Hormiga cortadora,Herbivoría,10,24,1
7848,Anaconda,Consumidor primario,Jaguar,Descomposición,9,33,5
7849,Venado,Productor,Boa constrictor,Mutualismo,10,27,5
7850,Venado,Consumidor primario,Rana venenosa,Herbivoría,3,5,2
7851,Mono araña,Descomponedor,Tucán,Depredación,6,31,7
7852,Hormiga cortadora,Consumidor terciario,Águila harpía,Mutualismo,9,33,3
7853,Águila harpía,Productor,Venado,Depredación,8,43,7
7854,Rana venenosa,Productor,Venado,Herbivoría,3,7,2
7855,Termitas,Consumidor secundario,Venado,Competencia,7,41,5
7856,Venado,Productor,Anaconda,Depredación,8,47,2
7857,Tucán,Consumidor primario,Boa constrictor,Descomposición,10,28,7
7858,Termitas,Consumidor secundario,Boa constrictor,Descomposición,8,46,5
7859,Hormiga cortadora,Consumidor secundario,Jaguar,Herbivoría,7,17,9
7860,Hormiga cortadora,Consumidor primario,Rana venenosa,Depredación,10,31,9
7861,Anaconda,Consumidor primario,Tucán,Depredación,8,28,1
7862,Termitas,Consumidor terciario,Águila harpía,Descomposición,9,24,2
7863,Rana venenosa,Descomponedor,Mono araña,Competencia,4,6,4
7864,Anaconda,Descomponedor,Termitas,Herbivoría,4,16,3
7865,Boa constrictor,Descomponedor,Rana venenosa,Competencia,10,33,10
7866,Hormiga cortadora,Productor,Termitas,Herbivoría,2,39,3
7867,Anaconda,Descomponedor,Rana venenosa,Herbivoría,8,14,10
7868,Venado,Productor,Venado,Descomposición,2,27,9
7869,Boa constrictor,Descomponedor,Tucán,Competencia,5,17,8
7870,Rana venenosa,Productor,Hormiga cortadora,Descomposición,9,1,3
7871,Hormiga cortadora,Productor,Mono araña,Depredación,7,43,5
7872,Tucán,Consumidor secundario,Venado,Competencia,5,45,5
7873,Venado,Consumidor primario,Tucán,Depredación,3,20,2
7874,Boa constrictor,Consumidor secundario,Termitas,Depredación,6,10,1
7875,Rana venenosa,Consumidor secundario,Mono araña,Herbivoría,4,38,8
7876,Rana venenosa,Descomponedor,Rana venenosa,Competencia,8,28,4
7877,Hormiga cortadora,Consumidor terciario,Águila harpía,Mutualismo,1,7,10
7878,Venado,Consumidor primario,Hormiga cortadora,Descomposición,6,23,6
7879,Boa constrictor,Consumidor secundario,Venado,Competencia,10,7,2
7880,Tucán,Descomponedor,Jaguar,Competencia,7,19,8
7881,Venado,Descomponedor,Boa constrictor,Competencia,3,30,4
7882,Jaguar,Consumidor secundario,Rana venenosa,Mutualismo,6,3,1
7883,Tucán,Descomponedor,Águila harpía,Depredación,1,35,8
7884,Mono araña,Descomponedor,Mono araña,Descomposición,1,8,5
7885,Águila harpía,Productor,Tucán,Herbivoría,6,5,3
7886,Mono araña,Productor,Termitas,Mutualismo,1,42,7
7887,Rana venenosa,Consumidor primario,Mono araña,Descomposición,7,9,6
7888,Águila harpía,Productor,Boa constrictor,Herbivoría,5,9,2
7889,Águila harpía,Consumidor terciario,Anaconda,Depredación,1,37,9
7890,Tucán,Consumidor secundario,Mono araña,Descomposición,4,6,1
7891,Venado,Consumidor primario,Anaconda,Mutualismo,6,9,3
7892,Hormiga cortadora,Consumidor terciario,Águila harpía,Competencia,5,12,5
7893,Hormiga cortadora,Consumidor primario,Jaguar,Descomposición,5,46,10
7894,Rana venenosa,Descomponedor,Mono araña,Mutualismo,3,47,1
7895,Termitas,Consumidor terciario,Hormiga cortadora,Competencia,9,41,10
7896,Termitas,Productor,Anaconda,Mutualismo,8,11,2
7897,Tucán,Consumidor terciario,Jaguar,Mutualismo,4,19,2
7898,Venado,Consumidor primario,Tucán,Herbivoría,2,25,3
7899,Jaguar,Consumidor primario,Venado,Mutualismo,6,5,9
7900,Jaguar,Consumidor secundario,Jaguar,Competencia,8,2,2
7901,Anaconda,Descomponedor,Termitas,Competencia,6,24,4
7902,Termitas,Consumidor primario,Rana venenosa,Mutualismo,7,7,7
7903,Rana venenosa,Consumidor secundario,Tucán,Competencia,10,18,4
7904,Hormiga cortadora,Consumidor terciario,Venado,Mutualismo,2,20,5
7905,Mono araña,Consumidor secundario,Venado,Competencia,9,38,9
7906,Tucán,Productor,Termitas,Herbivoría,2,50,9
7907,Hormiga cortadora,Consumidor terciario,Tucán,Herbivoría,10,26,2
7908,Tucán,Productor,Águila harpía,Depredación,8,33,7
7909,Águila harpía,Consumidor primario,Anaconda,Depredación,1,30,3
7910,Boa constrictor,Consumidor terciario,Jaguar,Herbivoría,2,24,8
7911,Jaguar,Consumidor secundario,Venado,Descomposición,2,26,1
7912,Venado,Consumidor primario,Hormiga cortadora,Competencia,8,25,10
7913,Jaguar,Consumidor primario,Mono araña,Depredación,10,41,9
7914,Termitas,Productor,Boa constrictor,Depredación,4,23,2
7915,Jaguar,Consumidor secundario,Boa constrictor,Descomposición,3,20,8
7916,Boa constrictor,Consumidor primario,Rana venenosa,Descomposición,10,16,9
7917,Jaguar,Consumidor secundario,Boa constrictor,Mutualismo,4,36,8
7918,Venado,Consumidor terciario,Rana venenosa,Depredación,2,11,4
7919,Hormiga cortadora,Consumidor terciario,Boa constrictor,Herbivoría,7,2,1
7920,Águila harpía,Productor,Mono araña,Competencia,9,29,10
7921,Mono araña,Consumidor secundario,Hormiga cortadora,Descomposición,9,26,8
7922,Jaguar,Consumidor terciario,Boa constrictor,Herbivoría,4,2,4
7923,Tucán,Consumidor primario,Termitas,Depredación,1,33,5
7924,Águila harpía,Productor,Águila harpía,Competencia,5,17,5
7925,Jaguar,Productor,Rana venenosa,Herbivoría,3,2,9
7926,Venado,Consumidor primario,Tucán,Mutualismo,10,14,5
7927,Anaconda,Descomponedor,Termitas,Competencia,10,19,2
7928,Rana venenosa,Descomponedor,Águila harpía,Depredación,3,21,4
7929,Boa constrictor,Productor,Rana venenosa,Herbivoría,8,15,10
7930,Águila harpía,Consumidor secundario,Águila harpía,Mutualismo,5,48,6
7931,Tucán,Consumidor primario,Anaconda,Depredación,5,32,9
7932,Anaconda,Productor,Venado,Herbivoría,8,30,10
7933,Rana venenosa,Descomponedor,Hormiga cortadora,Competencia,5,16,9
7934,Venado,Consumidor terciario,Rana venenosa,Descomposición,8,47,7
7935,Jaguar,Consumidor secundario,Mono araña,Mutualismo,1,23,10
7936,Tucán,Productor,Tucán,Descomposición,6,20,1
7937,Tucán,Consumidor terciario,Boa constrictor,Mutualismo,3,19,5
7938,Boa constrictor,Consumidor primario,Venado,Mutualismo,9,12,9
7939,Tucán,Consumidor primario,Tucán,Depredación,6,11,8
7940,Hormiga cortadora,Consumidor secundario,Tucán,Mutualismo,10,38,9
7941,Venado,Consumidor primario,Mono araña,Depredación,10,19,9
7942,Tucán,Descomponedor,Mono araña,Herbivoría,10,28,4
7943,Águila harpía,Consumidor primario,Termitas,Depredación,6,9,4
7944,Mono araña,Descomponedor,Termitas,Competencia,8,25,4
7945,Águila harpía,Consumidor terciario,Hormiga cortadora,Herbivoría,3,38,5
7946,Termitas,Consumidor terciario,Tucán,Depredación,10,2,2
7947,Águila harpía,Productor,Anaconda,Descomposición,9,49,5
7948,Rana venenosa,Descomponedor,Boa constrictor,Mutualismo,6,35,6
7949,Anaconda,Productor,Jaguar,Herbivoría,9,44,2
7950,Boa constrictor,Productor,Boa constrictor,Descomposición,1,44,7
7951,Jaguar,Descomponedor,Tucán,Descomposición,10,19,9
7952,Rana venenosa,Descomponedor,Rana venenosa,Descomposición,9,49,7
7953,Anaconda,Descomponedor,Termitas,Competencia,8,24,6
7954,Boa constrictor,Descomponedor,Anaconda,Descomposición,7,28,3
7955,Tucán,Consumidor primario,Termitas,Competencia,2,5,2
7956,Venado,Consumidor primario,Hormiga cortadora,Descomposición,7,34,9
7957,Venado,Consumidor secundario,Mono araña,Mutualismo,5,43,8
7958,Hormiga cortadora,Consumidor terciario,Anaconda,Depredación,1,50,10
7959,Termitas,Productor,Venado,Mutualismo,1,10,1
7960,Anaconda,Consumidor secundario,Hormiga cortadora,Depredación,4,4,10
7961,Hormiga cortadora,Consumidor terciario,Anaconda,Competencia,9,18,5
7962,Anaconda,Consumidor terciario,Venado,Mutualismo,7,10,7
7963,Venado,Consumidor secundario,Rana venenosa,Mutualismo,8,33,10
7964,Mono araña,Consumidor secundario,Termitas,Mutualismo,5,5,7
7965,Águila harpía,Consumidor primario,Jaguar,Competencia,3,3,9
7966,Jaguar,Consumidor primario,Anaconda,Competencia,9,22,1
7967,Jaguar,Consumidor secundario,Jaguar,Herbivoría,8,31,4
7968,Jaguar,Consumidor primario,Tucán,Competencia,2,16,2
7969,Rana venenosa,Consumidor secundario,Hormiga cortadora,Depredación,5,13,8
7970,Venado,Consumidor primario,Anaconda,Herbivoría,9,33,9
7971,Venado,Descomponedor,Jaguar,Mutualismo,8,40,10
7972,Hormiga cortadora,Descomponedor,Hormiga cortadora,Herbivoría,1,33,1
7973,Rana venenosa,Consumidor secundario,Boa constrictor,Herbivoría,1,40,2
7974,Rana venenosa,Consumidor primario,Termitas,Depredación,2,2,1
7975,Tucán,Descomponedor,Rana venenosa,Depredación,3,3,10
7976,Venado,Descomponedor,Rana venenosa,Herbivoría,6,1,5
7977,Águila harpía,Consumidor primario,Tucán,Herbivoría,6,21,5
7978,Rana venenosa,Descomponedor,Jaguar,Competencia,5,34,4
7979,Anaconda,Descomponedor,Tucán,Herbivoría,2,46,4
7980,Boa constrictor,Consumidor primario,Termitas,Descomposición,9,21,4
7981,Boa constrictor,Consumidor secundario,Hormiga cortadora,Descomposición,1,12,6
7982,Anaconda,Consumidor secundario,Anaconda,Depredación,8,7,2
7983,Venado,Consumidor terciario,Boa constrictor,Descomposición,4,47,7
7984,Termitas,Consumidor secundario,Anaconda,Depredación,5,27,6
7985,Mono araña,Consumidor secundario,Tucán,Mutualismo,2,47,1
7986,Hormiga cortadora,Descomponedor,Águila harpía,Competencia,4,20,5
7987,Tucán,Consumidor secundario,Águila harpía,Herbivoría,3,25,5
7988,Rana venenosa,Consumidor terciario,Rana venenosa,Herbivoría,9,37,2
7989,Águila harpía,Consumidor secundario,Jaguar,Depredación,9,23,7
7990,Rana venenosa,Consumidor primario,Jaguar,Mutualismo,5,5,8
7991,Mono araña,Descomponedor,Venado,Depredación,6,35,7
7992,Mono araña,Productor,Mono araña,Competencia,2,28,8
7993,Anaconda,Productor,Tucán,Herbivoría,3,21,8
7994,Anaconda,Consumidor secundario,Venado,Herbivoría,8,26,2
7995,Boa constrictor,Consumidor secundario,Termitas,Mutualismo,2,46,1
7996,Anaconda,Consumidor terciario,Anaconda,Descomposición,9,34,2
7997,Boa constrictor,Productor,Termitas,Descomposición,10,47,3
7998,Venado,Consumidor secundario,Boa constrictor,Depredación,6,35,2
7999,Boa constrictor,Consumidor primario,Mono araña,Herbivoría,8,36,1
8000,Águila harpía,Descomponedor,Boa constrictor,Descomposición,1,27,3
8001,Rana venenosa,Consumidor secundario,Termitas,Descomposición,2,29,10
8002,Jaguar,Consumidor primario,Jaguar,Depredación,8,17,4
8003,Termitas,Descomponedor,Mono araña,Mutualismo,3,48,7
8004,Águila harpía,Consumidor primario,Anaconda,Mutualismo,5,1,7
8005,Anaconda,Consumidor secundario,Venado,Descomposición,4,23,1
8006,Anaconda,Consumidor terciario,Jaguar,Depredación,3,33,10
8007,Venado,Consumidor secundario,Hormiga cortadora,Competencia,7,24,6
8008,Anaconda,Descomponedor,Mono araña,Herbivoría,2,1,3
8009,Mono araña,Consumidor secundario,Jaguar,Descomposición,4,4,3
8010,Boa constrictor,Descomponedor,Águila harpía,Competencia,2,19,1
8011,Mono araña,Consumidor primario,Tucán,Herbivoría,8,2,2
8012,Venado,Descomponedor,Rana venenosa,Depredación,2,50,6
8013,Águila harpía,Consumidor terciario,Jaguar,Competencia,9,10,7
8014,Termitas,Descomponedor,Jaguar,Depredación,4,47,9
8015,Boa constrictor,Consumidor primario,Hormiga cortadora,Mutualismo,3,41,9
8016,Mono araña,Productor,Tucán,Depredación,3,7,3
8017,Boa constrictor,Consumidor terciario,Tucán,Herbivoría,2,13,4
8018,Anaconda,Consumidor secundario,Venado,Descomposición,5,33,4
8019,Jaguar,Consumidor secundario,Águila harpía,Mutualismo,6,28,5
8020,Mono araña,Consumidor primario,Anaconda,Mutualismo,5,40,8
8021,Mono araña,Descomponedor,Águila harpía,Depredación,8,27,6
8022,Anaconda,Consumidor primario,Rana venenosa,Herbivoría,9,49,7
8023,Águila harpía,Descomponedor,Jaguar,Competencia,2,19,5
8024,Hormiga cortadora,Productor,Mono araña,Competencia,6,36,5
8025,Rana venenosa,Consumidor primario,Tucán,Herbivoría,7,6,3
8026,Tucán,Descomponedor,Jaguar,Depredación,8,12,9
8027,Venado,Consumidor terciario,Venado,Descomposición,5,5,6
8028,Termitas,Descomponedor,Boa constrictor,Herbivoría,8,43,1
8029,Anaconda,Descomponedor,Venado,Descomposición,2,16,5
8030,Anaconda,Descomponedor,Venado,Descomposición,9,37,1
8031,Jaguar,Consumidor primario,Jaguar,Depredación,10,8,4
8032,Jaguar,Consumidor terciario,Jaguar,Depredación,7,39,10
8033,Venado,Descomponedor,Boa constrictor,Depredación,3,42,2
8034,Boa constrictor,Consumidor secundario,Termitas,Competencia,5,10,1
8035,Tucán,Consumidor primario,Águila harpía,Depredación,1,30,1
8036,Tucán,Productor,Boa constrictor,Competencia,10,48,7
8037,Venado,Productor,Anaconda,Mutualismo,5,25,8
8038,Venado,Descomponedor,Anaconda,Depredación,10,3,5
8039,Termitas,Consumidor terciario,Mono araña,Depredación,10,39,8
8040,Rana venenosa,Consumidor primario,Anaconda,Depredación,5,28,10
8041,Jaguar,Consumidor primario,Boa constrictor,Descomposición,7,21,6
8042,Hormiga cortadora,Consumidor terciario,Anaconda,Mutualismo,5,43,4
8043,Tucán,Consumidor secundario,Hormiga cortadora,Depredación,9,49,8
8044,Rana venenosa,Consumidor primario,Venado,Depredación,3,44,10
8045,Águila harpía,Consumidor terciario,Tucán,Herbivoría,7,21,6
8046,Jaguar,Consumidor secundario,Boa constrictor,Depredación,4,9,6
8047,Boa constrictor,Consumidor primario,Boa constrictor,Herbivoría,7,36,8
8048,Anaconda,Consumidor terciario,Mono araña,Mutualismo,7,9,9
8049,Hormiga cortadora,Consumidor secundario,Tucán,Depredación,4,34,6
8050,Jaguar,Productor,Boa constrictor,Competencia,8,29,2
8051,Venado,Consumidor primario,Termitas,Mutualismo,1,18,3
8052,Boa constrictor,Consumidor terciario,Boa constrictor,Mutualismo,5,2,3
8053,Anaconda,Descomponedor,Rana venenosa,Mutualismo,7,36,6
8054,Mono araña,Descomponedor,Jaguar,Descomposición,4,3,3
8055,Mono araña,Consumidor primario,Rana venenosa,Herbivoría,6,36,4
8056,Águila harpía,Consumidor secundario,Boa constrictor,Depredación,10,19,10
8057,Hormiga cortadora,Descomponedor,Termitas,Herbivoría,5,12,7
8058,Boa constrictor,Consumidor secundario,Jaguar,Mutualismo,7,15,8
8059,Jaguar,Consumidor secundario,Anaconda,Mutualismo,6,13,6
8060,Águila harpía,Descomponedor,Boa constrictor,Competencia,8,11,10
8061,Boa constrictor,Productor,Boa constrictor,Descomposición,7,46,8
8062,Boa constrictor,Consumidor primario,Boa constrictor,Herbivoría,6,7,4
8063,Anaconda,Consumidor terciario,Venado,Competencia,9,31,8
8064,Águila harpía,Consumidor primario,Tucán,Depredación,1,30,3
8065,Anaconda,Consumidor terciario,Anaconda,Competencia,4,4,10
8066,Águila harpía,Consumidor primario,Termitas,Mutualismo,3,10,10
8067,Termitas,Consumidor terciario,Águila harpía,Competencia,5,18,10
8068,Anaconda,Descomponedor,Hormiga cortadora,Depredación,1,35,5
8069,Anaconda,Consumidor secundario,Venado,Competencia,1,11,1
8070,Hormiga cortadora,Productor,Anaconda,Descomposición,9,26,6
8071,Hormiga cortadora,Productor,Mono araña,Depredación,1,39,4
8072,Hormiga cortadora,Consumidor secundario,Anaconda,Mutualismo,5,12,10
8073,Boa constrictor,Consumidor secundario,Mono araña,Herbivoría,9,49,3
8074,Anaconda,Consumidor secundario,Rana venenosa,Competencia,1,42,2
8075,Hormiga cortadora,Consumidor terciario,Hormiga cortadora,Competencia,1,17,6
8076,Águila harpía,Productor,Águila harpía,Competencia,8,6,8
8077,Venado,Consumidor primario,Anaconda,Mutualismo,6,7,5
8078,Mono araña,Descomponedor,Termitas,Competencia,8,35,6
8079,Tucán,Consumidor primario,Termitas,Herbivoría,5,24,6
8080,Rana venenosa,Descomponedor,Águila harpía,Depredación,6,26,6
8081,Termitas,Consumidor primario,Hormiga cortadora,Mutualismo,7,47,4
8082,Anaconda,Productor,Hormiga cortadora,Competencia,9,47,6
8083,Tucán,Consumidor terciario,Jaguar,Depredación,7,42,7
8084,Jaguar,Descomponedor,Boa constrictor,Depredación,10,43,7
8085,Tucán,Consumidor primario,Jaguar,Descomposición,7,13,4
8086,Boa constrictor,Consumidor secundario,Jaguar,Mutualismo,10,41,10
8087,Jaguar,Consumidor primario,Venado,Herbivoría,2,5,3
8088,Tucán,Consumidor primario,Termitas,Competencia,8,13,9
8089,Anaconda,Descomponedor,Águila harpía,Descomposición,9,18,6
8090,Mono araña,Consumidor terciario,Rana venenosa,Descomposición,4,2,6
8091,Rana venenosa,Descomponedor,Boa constrictor,Herbivoría,4,6,8
8092,Rana venenosa,Descomponedor,Boa constrictor,Herbivoría,10,5,6
8093,Termitas,Descomponedor,Tucán,Mutualismo,4,50,10
8094,Hormiga cortadora,Consumidor terciario,Tucán,Depredación,8,40,10
8095,Anaconda,Consumidor secundario,Anaconda,Descomposición,9,13,6
8096,Hormiga cortadora,Productor,Tucán,Depredación,3,28,2
8097,Anaconda,Descomponedor,Águila harpía,Depredación,3,8,7
8098,Jaguar,Descomponedor,Jaguar,Mutualismo,2,16,1
8099,Anaconda,Consumidor secundario,Termitas,Herbivoría,5,40,1
8100,Anaconda,Productor,Hormiga cortadora,Depredación,2,14,10
8101,Hormiga cortadora,Productor,Mono araña,Descomposición,7,16,4
8102,Mono araña,Productor,Rana venenosa,Herbivoría,6,2,10
8103,Rana venenosa,Productor,Rana venenosa,Mutualismo,1,33,7
8104,Venado,Consumidor terciario,Mono araña,Mutualismo,8,49,9
8105,Mono araña,Consumidor secundario,Venado,Mutualismo,7,36,10
8106,Termitas,Consumidor secundario,Anaconda,Mutualismo,10,5,8
8107,Anaconda,Productor,Termitas,Descomposición,7,38,7
8108,Hormiga cortadora,Productor,Anaconda,Competencia,5,10,7
8109,Mono araña,Consumidor terciario,Tucán,Mutualismo,4,50,6
8110,Hormiga cortadora,Descomponedor,Anaconda,Mutualismo,3,14,7
8111,Hormiga cortadora,Consumidor secundario,Venado,Mutualismo,10,5,8
8112,Venado,Productor,Anaconda,Competencia,5,22,6
8113,Anaconda,Productor,Boa constrictor,Competencia,6,50,5
8114,Rana venenosa,Descomponedor,Boa constrictor,Mutualismo,5,14,5
8115,Águila harpía,Consumidor secundario,Mono araña,Depredación,5,32,1
8116,Venado,Consumidor primario,Boa constrictor,Competencia,8,8,5
8117,Jaguar,Descomponedor,Águila harpía,Depredación,2,33,7
8118,Jaguar,Consumidor secundario,Termitas,Descomposición,10,2,3
8119,Tucán,Consumidor primario,Rana venenosa,Depredación,9,14,7
8120,Tucán,Consumidor primario,Tucán,Competencia,10,21,3
8121,Jaguar,Consumidor primario,Rana venenosa,Mutualismo,5,11,5
8122,Rana venenosa,Descomponedor,Termitas,Mutualismo,2,48,2
8123,Tucán,Consumidor terciario,Águila harpía,Descomposición,5,34,5
8124,Venado,Descomponedor,Rana venenosa,Herbivoría,1,48,9
8125,Águila harpía,Consumidor primario,Rana venenosa,Depredación,6,11,8
8126,Águila harpía,Consumidor primario,Jaguar,Competencia,8,8,6
8127,Jaguar,Consumidor secundario,Rana venenosa,Mutualismo,10,31,3
8128,Boa constrictor,Consumidor secundario,Termitas,Descomposición,4,24,3
8129,Águila harpía,Descomponedor,Termitas,Mutualismo,4,24,9
8130,Hormiga cortadora,Consumidor primario,Termitas,Descomposición,9,17,1
8131,Venado,Productor,Anaconda,Descomposición,1,7,2
8132,Tucán,Consumidor primario,Boa constrictor,Descomposición,2,18,9
8133,Venado,Consumidor primario,Tucán,Mutualismo,7,1,10
8134,Hormiga cortadora,Descomponedor,Boa constrictor,Descomposición,8,42,6
8135,Hormiga cortadora,Productor,Hormiga cortadora,Competencia,7,17,10
8136,Termitas,Consumidor secundario,Anaconda,Competencia,7,48,3
8137,Tucán,Consumidor secundario,Anaconda,Descomposición,10,8,3
8138,Águila harpía,Descomponedor,Termitas,Descomposición,6,14,9
8139,Termitas,Productor,Águila harpía,Competencia,3,37,6
8140,Rana venenosa,Productor,Boa constrictor,Descomposición,7,15,1
8141,Anaconda,Consumidor terciario,Termitas,Competencia,7,35,3
8142,Águila harpía,Productor,Termitas,Depredación,6,43,1
8143,Rana venenosa,Consumidor terciario,Rana venenosa,Competencia,9,9,9
8144,Anaconda,Productor,Boa constrictor,Mutualismo,1,31,10
8145,Venado,Productor,Mono araña,Mutualismo,1,20,4
8146,Anaconda,Descomponedor,Jaguar,Descomposición,1,21,4
8147,Jaguar,Consumidor secundario,Anaconda,Mutualismo,8,24,2
8148,Anaconda,Consumidor primario,Rana venenosa,Descomposición,9,12,2
8149,Rana venenosa,Consumidor secundario,Rana venenosa,Herbivoría,9,23,1
8150,Anaconda,Consumidor secundario,Venado,Descomposición,10,16,9
8151,Rana venenosa,Consumidor secundario,Águila harpía,Descomposición,3,15,1
8152,Tucán,Descomponedor,Águila harpía,Competencia,7,18,8
8153,Venado,Consumidor primario,Águila harpía,Mutualismo,10,14,3
8154,Hormiga cortadora,Productor,Tucán,Competencia,4,25,4
8155,Hormiga cortadora,Consumidor primario,Jaguar,Herbivoría,5,31,7
8156,Mono araña,Consumidor terciario,Termitas,Descomposición,2,39,5
8157,Hormiga cortadora,Consumidor secundario,Tucán,Competencia,7,10,2
8158,Anaconda,Consumidor terciario,Boa constrictor,Herbivoría,8,19,9
8159,Tucán,Consumidor primario,Tucán,Herbivoría,7,39,5
8160,Tucán,Consumidor secundario,Tucán,Descomposición,8,7,1
8161,Hormiga cortadora,Consumidor secundario,Termitas,Depredación,4,7,5
8162,Hormiga cortadora,Productor,Boa constrictor,Descomposición,3,23,8
8163,Jaguar,Consumidor secundario,Mono araña,Herbivoría,5,24,10
8164,Anaconda,Consumidor secundario,Jaguar,Herbivoría,10,37,2
8165,Rana venenosa,Consumidor secundario,Anaconda,Depredación,6,17,3
8166,Boa constrictor,Productor,Rana venenosa,Herbivoría,8,27,10
8167,Anaconda,Consumidor terciario,Anaconda,Herbivoría,10,41,9
8168,Rana venenosa,Consumidor secundario,Venado,Descomposición,4,2,1
8169,Mono araña,Descomponedor,Hormiga cortadora,Mutualismo,6,17,8
8170,Rana venenosa,Consumidor terciario,Anaconda,Descomposición,7,28,10
8171,Tucán,Descomponedor,Mono araña,Competencia,1,8,6
8172,Hormiga cortadora,Consumidor primario,Jaguar,Competencia,9,39,9
8173,Águila harpía,Productor,Mono araña,Mutualismo,6,40,2
8174,Rana venenosa,Consumidor secundario,Hormiga cortadora,Depredación,6,31,1
8175,Rana venenosa,Descomponedor,Jaguar,Mutualismo,10,20,1
8176,Jaguar,Productor,Boa constrictor,Mutualismo,4,44,10
8177,Mono araña,Descomponedor,Hormiga cortadora,Depredación,9,24,2
8178,Anaconda,Consumidor terciario,Anaconda,Descomposición,3,28,2
8179,Rana venenosa,Consumidor primario,Termitas,Descomposición,1,22,8
8180,Termitas,Consumidor primario,Hormiga cortadora,Mutualismo,3,48,9
8181,Jaguar,Consumidor secundario,Jaguar,Depredación,8,23,8
8182,Anaconda,Consumidor primario,Mono araña,Competencia,4,43,7
8183,Boa constrictor,Consumidor terciario,Tucán,Competencia,7,39,10
8184,Hormiga cortadora,Consumidor primario,Boa constrictor,Competencia,9,6,4
8185,Jaguar,Consumidor primario,Boa constrictor,Descomposición,4,37,8
8186,Águila harpía,Consumidor secundario,Águila harpía,Herbivoría,4,46,6
8187,Venado,Productor,Hormiga cortadora,Competencia,3,13,10
8188,Jaguar,Descomponedor,Tucán,Mutualismo,3,3,2
8189,Anaconda,Productor,Boa constrictor,Descomposición,3,28,7
8190,Hormiga cortadora,Descomponedor,Jaguar,Mutualismo,6,15,2
8191,Tucán,Productor,Venado,Herbivoría,9,40,8
8192,Anaconda,Descomponedor,Termitas,Competencia,6,37,2
8193,Boa constrictor,Consumidor primario,Hormiga cortadora,Mutualismo,7,37,7
8194,Termitas,Productor,Tucán,Competencia,6,34,2
8195,Águila harpía,Productor,Boa constrictor,Competencia,8,5,10
8196,Termitas,Consumidor primario,Venado,Competencia,1,37,10
8197,Águila harpía,Consumidor secundario,Hormiga cortadora,Descomposición,10,32,6
8198,Termitas,Consumidor primario,Mono araña,Depredación,6,7,9
8199,Águila harpía,Consumidor terciario,Mono araña,Depredación,7,17,2
8200,Boa constrictor,Descomponedor,Hormiga cortadora,Depredación,1,40,3
8201,Boa constrictor,Consumidor primario,Mono araña,Depredación,10,44,4
8202,Águila harpía,Productor,Boa constrictor,Depredación,1,4,4
8203,Venado,Descomponedor,Tucán,Competencia,8,29,4
8204,Termitas,Consumidor terciario,Águila harpía,Descomposición,6,8,6
8205,Mono araña,Consumidor primario,Venado,Depredación,2,7,8
8206,Hormiga cortadora,Consumidor primario,Termitas,Depredación,3,8,6
8207,Rana venenosa,Consumidor terciario,Hormiga cortadora,Mutualismo,1,23,9
8208,Mono araña,Consumidor terciario,Rana venenosa,Descomposición,1,32,8
8209,Boa constrictor,Productor,Tucán,Mutualismo,10,32,6
8210,Venado,Consumidor secundario,Venado,Mutualismo,1,39,2
8211,Jaguar,Consumidor primario,Anaconda,Competencia,4,30,6
8212,Jaguar,Productor,Hormiga cortadora,Depredación,9,16,3
8213,Mono araña,Consumidor secundario,Termitas,Competencia,9,28,10
8214,Venado,Consumidor primario,Termitas,Descomposición,5,44,5
8215,Mono araña,Productor,Hormiga cortadora,Mutualismo,8,1,2
8216,Rana venenosa,Descomponedor,Termitas,Competencia,3,9,4
8217,Venado,Consumidor primario,Anaconda,Herbivoría,2,15,8
8218,Anaconda,Descomponedor,Águila harpía,Descomposición,5,15,6
8219,Hormiga cortadora,Consumidor secundario,Águila harpía,Descomposición,3,25,10
8220,Termitas,Consumidor secundario,Águila harpía,Depredación,4,48,7
8221,Mono araña,Consumidor terciario,Tucán,Competencia,1,44,5
8222,Rana venenosa,Consumidor primario,Hormiga cortadora,Descomposición,1,39,6
8223,Mono araña,Productor,Rana venenosa,Herbivoría,10,16,1
8224,Venado,Consumidor primario,Venado,Herbivoría,5,19,5
8225,Venado,Consumidor secundario,Termitas,Competencia,9,2,1
8226,Boa constrictor,Consumidor primario,Boa constrictor,Descomposición,5,45,5
8227,Águila harpía,Consumidor primario,Tucán,Herbivoría,10,25,3
8228,Termitas,Consumidor secundario,Rana venenosa,Competencia,8,9,10
8229,Anaconda,Descomponedor,Termitas,Mutualismo,9,32,6
8230,Jaguar,Consumidor secundario,Anaconda,Descomposición,5,14,3
8231,Boa constrictor,Consumidor primario,Águila harpía,Descomposición,8,43,5
8232,Rana venenosa,Consumidor terciario,Venado,Descomposición,2,8,4
8233,Tucán,Descomponedor,Jaguar,Mutualismo,6,46,9
8234,Águila harpía,Consumidor primario,Rana venenosa,Depredación,5,17,8
8235,Águila harpía,Descomponedor,Anaconda,Depredación,10,5,2
8236,Hormiga cortadora,Consumidor primario,Jaguar,Herbivoría,3,14,1
8237,Termitas,Consumidor terciario,Mono araña,Depredación,4,2,2
8238,Mono araña,Consumidor secundario,Boa constrictor,Herbivoría,8,30,9
8239,Águila harpía,Consumidor primario,Jaguar,Depredación,5,37,4
8240,Jaguar,Consumidor primario,Tucán,Descomposición,4,9,1
8241,Tucán,Consumidor terciario,Boa constrictor,Descomposición,2,44,9
8242,Anaconda,Consumidor primario,Jaguar,Depredación,5,7,2
8243,Hormiga cortadora,Consumidor terciario,Hormiga cortadora,Descomposición,4,10,6
8244,Hormiga cortadora,Descomponedor,Hormiga cortadora,Depredación,10,2,1
8245,Tucán,Consumidor terciario,Tucán,Herbivoría,8,22,7
8246,Hormiga cortadora,Descomponedor,Venado,Depredación,5,40,2
8247,Rana venenosa,Consumidor terciario,Anaconda,Depredación,2,27,9
8248,Anaconda,Consumidor terciario,Boa constrictor,Herbivoría,7,27,8
8249,Tucán,Descomponedor,Anaconda,Competencia,10,20,10
8250,Mono araña,Consumidor terciario,Boa constrictor,Competencia,3,27,7
8251,Rana venenosa,Descomponedor,Rana venenosa,Competencia,7,47,9
8252,Mono araña,Consumidor secundario,Rana venenosa,Depredación,1,43,6
8253,Águila harpía,Consumidor primario,Jaguar,Descomposición,3,13,4
8254,Boa constrictor,Consumidor terciario,Boa constrictor,Herbivoría,4,37,1
8255,Hormiga cortadora,Productor,Tucán,Depredación,4,11,4
8256,Águila harpía,Consumidor terciario,Hormiga cortadora,Mutualismo,5,44,3
8257,Mono araña,Productor,Mono araña,Competencia,3,37,3
8258,Águila harpía,Consumidor terciario,Águila harpía,Herbivoría,5,10,7
8259,Águila harpía,Consumidor primario,Tucán,Depredación,5,18,6
8260,Boa constrictor,Consumidor secundario,Termitas,Herbivoría,4,2,5
8261,Tucán,Consumidor secundario,Rana venenosa,Herbivoría,6,29,4
8262,Hormiga cortadora,Consumidor primario,Rana venenosa,Descomposición,7,16,10
8263,Anaconda,Consumidor primario,Anaconda,Herbivoría,8,25,4
8264,Hormiga cortadora,Consumidor terciario,Hormiga cortadora,Descomposición,1,2,10
8265,Águila harpía,Consumidor terciario,Venado,Competencia,1,35,5
8266,Mono araña,Consumidor secundario,Jaguar,Descomposición,3,46,2
8267,Boa constrictor,Consumidor terciario,Águila harpía,Mutualismo,6,40,2
8268,Jaguar,Consumidor secundario,Anaconda,Competencia,3,29,10
8269,Boa constrictor,Productor,Venado,Mutualismo,2,15,1
8270,Hormiga cortadora,Consumidor primario,Boa constrictor,Mutualismo,5,3,2
8271,Boa constrictor,Consumidor terciario,Hormiga cortadora,Descomposición,5,19,10
8272,Boa constrictor,Consumidor secundario,Boa constrictor,Depredación,3,5,2
8273,Venado,Consumidor secundario,Jaguar,Mutualismo,5,13,6
8274,Venado,Consumidor primario,Boa constrictor,Descomposición,8,21,7
8275,Boa constrictor,Consumidor secundario,Boa constrictor,Herbivoría,10,9,1
8276,Hormiga cortadora,Descomponedor,Jaguar,Mutualismo,6,31,2
8277,Termitas,Consumidor primario,Termitas,Mutualismo,4,43,4
8278,Jaguar,Descomponedor,Boa constrictor,Competencia,10,29,1
8279,Tucán,Consumidor secundario,Boa constrictor,Descomposición,2,40,8
8280,Águila harpía,Consumidor terciario,Águila harpía,Depredación,1,50,6
8281,Boa constrictor,Descomponedor,Hormiga cortadora,Descomposición,4,42,4
8282,Águila harpía,Descomponedor,Tucán,Descomposición,4,28,5
8283,Tucán,Descomponedor,Boa constrictor,Depredación,1,12,4
8284,Mono araña,Consumidor terciario,Anaconda,Depredación,5,48,8
8285,Termitas,Productor,Venado,Depredación,10,42,10
8286,Termitas,Descomponedor,Anaconda,Herbivoría,1,8,4
8287,Termitas,Consumidor secundario,Jaguar,Depredación,2,6,7
8288,Águila harpía,Productor,Águila harpía,Herbivoría,4,3,3
8289,Termitas,Productor,Termitas,Mutualismo,3,12,4
8290,Rana venenosa,Consumidor secundario,Termitas,Herbivoría,1,21,5
8291,Termitas,Productor,Jaguar,Competencia,3,7,10
8292,Águila harpía,Consumidor terciario,Anaconda,Mutualismo,1,32,9
8293,Águila harpía,Consumidor secundario,Hormiga cortadora,Depredación,7,12,1
8294,Rana venenosa,Descomponedor,Águila harpía,Depredación,7,24,1
8295,Anaconda,Consumidor terciario,Termitas,Competencia,5,22,3
8296,Anaconda,Consumidor terciario,Venado,Depredación,7,42,7
8297,Mono araña,Consumidor primario,Mono araña,Mutualismo,3,1,9
8298,Anaconda,Consumidor secundario,Venado,Competencia,9,28,1
8299,Tucán,Consumidor secundario,Venado,Descomposición,4,27,3
8300,Rana venenosa,Consumidor primario,Termitas,Descomposición,3,5,5
8301,Boa constrictor,Consumidor secundario,Venado,Competencia,3,7,6
8302,Tucán,Consumidor terciario,Rana venenosa,Descomposición,2,11,10
8303,Boa constrictor,Consumidor primario,Boa constrictor,Depredación,4,23,3
8304,Jaguar,Productor,Boa constrictor,Herbivoría,4,31,4
8305,Termitas,Consumidor secundario,Hormiga cortadora,Depredación,4,22,1
8306,Hormiga cortadora,Descomponedor,Rana venenosa,Depredación,4,41,6
8307,Jaguar,Descomponedor,Termitas,Depredación,8,25,9
8308,Termitas,Consumidor primario,Mono araña,Descomposición,7,17,6
8309,Boa constrictor,Consumidor secundario,Boa constrictor,Depredación,1,29,6
8310,Mono araña,Consumidor primario,Anaconda,Depredación,1,26,7
8311,Jaguar,Consumidor secundario,Boa constrictor,Mutualismo,4,24,10
8312,Rana venenosa,Consumidor terciario,Águila harpía,Depredación,10,21,1
8313,Termitas,Consumidor primario,Jaguar,Herbivoría,7,42,5
8314,Mono araña,Consumidor terciario,Tucán,Herbivoría,3,11,4
8315,Mono araña,Consumidor secundario,Mono araña,Depredación,2,42,3
8316,Tucán,Productor,Termitas,Descomposición,9,15,7
8317,Mono araña,Productor,Termitas,Descomposición,9,24,1
8318,Jaguar,Consumidor primario,Águila harpía,Herbivoría,9,18,9
8319,Hormiga cortadora,Consumidor terciario,Anaconda,Descomposición,6,28,7
8320,Termitas,Consumidor secundario,Venado,Herbivoría,7,26,9
8321,Tucán,Descomponedor,Jaguar,Descomposición,10,10,2
8322,Águila harpía,Consumidor secundario,Águila harpía,Mutualismo,5,49,4
8323,Tucán,Consumidor secundario,Águila harpía,Mutualismo,1,7,9
8324,Jaguar,Consumidor primario,Venado,Mutualismo,3,39,1
8325,Hormiga cortadora,Consumidor terciario,Termitas,Mutualismo,6,22,3
8326,Jaguar,Consumidor primario,Hormiga cortadora,Depredación,7,47,6
8327,Termitas,Productor,Venado,Depredación,6,38,6
8328,Rana venenosa,Consumidor terciario,Boa constrictor,Competencia,2,26,1
8329,Tucán,Consumidor primario,Boa constrictor,Mutualismo,10,27,10
8330,Mono araña,Descomponedor,Boa constrictor,Descomposición,4,10,10
8331,Venado,Descomponedor,Termitas,Descomposición,6,13,2
8332,Tucán,Consumidor secundario,Anaconda,Competencia,9,26,8
8333,Boa constrictor,Consumidor secundario,Águila harpía,Mutualismo,9,23,8
8334,Boa constrictor,Consumidor primario,Águila harpía,Depredación,4,33,9
8335,Tucán,Consumidor terciario,Hormiga cortadora,Descomposición,5,38,9
8336,Termitas,Consumidor primario,Venado,Competencia,3,35,7
8337,Rana venenosa,Consumidor primario,Anaconda,Competencia,4,48,1
8338,Boa constrictor,Consumidor terciario,Termitas,Competencia,7,45,5
8339,Venado,Descomponedor,Venado,Herbivoría,3,29,8
8340,Mono araña,Productor,Boa constrictor,Mutualismo,3,37,4
8341,Hormiga cortadora,Consumidor secundario,Jaguar,Competencia,7,24,2
8342,Tucán,Consumidor terciario,Jaguar,Competencia,9,8,2
8343,Rana venenosa,Consumidor secundario,Boa constrictor,Depredación,4,46,4
8344,Rana venenosa,Descomponedor,Rana venenosa,Herbivoría,5,20,3
8345,Venado,Productor,Jaguar,Depredación,6,1,1
8346,Mono araña,Productor,Tucán,Herbivoría,7,6,8
8347,Rana venenosa,Consumidor secundario,Tucán,Depredación,10,1,7
8348,Hormiga cortadora,Consumidor terciario,Mono araña,Depredación,2,12,6
8349,Rana venenosa,Consumidor primario,Jaguar,Herbivoría,3,26,6
8350,Jaguar,Consumidor terciario,Hormiga cortadora,Competencia,1,22,8
8351,Termitas,Descomponedor,Anaconda,Descomposición,1,13,1
8352,Jaguar,Consumidor primario,Jaguar,Mutualismo,2,1,2
8353,Tucán,Consumidor terciario,Anaconda,Descomposición,4,3,9
8354,Águila harpía,Descomponedor,Rana venenosa,Descomposición,9,17,8
8355,Anaconda,Consumidor primario,Boa constrictor,Descomposición,1,24,5
8356,Hormiga cortadora,Consumidor primario,Águila harpía,Depredación,5,23,5
8357,Águila harpía,Productor,Rana venenosa,Herbivoría,6,43,3
8358,Boa constrictor,Consumidor terciario,Rana venenosa,Descomposición,7,27,9
8359,Hormiga cortadora,Descomponedor,Tucán,Herbivoría,5,11,4
8360,Anaconda,Descomponedor,Águila harpía,Mutualismo,5,38,3
8361,Rana venenosa,Descomponedor,Águila harpía,Herbivoría,9,35,4
8362,Tucán,Consumidor terciario,Rana venenosa,Descomposición,4,12,1
8363,Jaguar,Descomponedor,Termitas,Descomposición,2,25,5
8364,Tucán,Consumidor primario,Águila harpía,Mutualismo,10,31,10
8365,Boa constrictor,Consumidor primario,Hormiga cortadora,Competencia,5,4,1
8366,Rana venenosa,Consumidor terciario,Tucán,Descomposición,6,48,3
8367,Termitas,Productor,Anaconda,Descomposición,3,31,5
8368,Mono araña,Descomponedor,Venado,Herbivoría,9,28,4
8369,Mono araña,Productor,Anaconda,Mutualismo,10,48,5
8370,Tucán,Consumidor secundario,Venado,Descomposición,5,6,10
8371,Termitas,Consumidor terciario,Mono araña,Depredación,1,40,9
8372,Boa constrictor,Consumidor secundario,Rana venenosa,Competencia,8,27,1
8373,Rana venenosa,Descomponedor,Rana venenosa,Depredación,1,1,8
8374,Hormiga cortadora,Consumidor primario,Rana venenosa,Descomposición,6,48,3
8375,Tucán,Descomponedor,Mono araña,Mutualismo,7,37,4
8376,Rana venenosa,Descomponedor,Boa constrictor,Herbivoría,10,38,5
8377,Venado,Consumidor primario,Mono araña,Herbivoría,5,41,6
8378,Tucán,Productor,Anaconda,Depredación,3,30,6
8379,Venado,Consumidor terciario,Rana venenosa,Competencia,10,38,7
8380,Águila harpía,Consumidor secundario,Hormiga cortadora,Descomposición,5,37,9
8381,Rana venenosa,Consumidor terciario,Boa constrictor,Competencia,2,7,2
8382,Tucán,Consumidor primario,Rana venenosa,Herbivoría,5,8,1
8383,Boa constrictor,Consumidor terciario,Hormiga cortadora,Depredación,4,36,9
8384,Anaconda,Descomponedor,Rana venenosa,Herbivoría,2,14,4
8385,Rana venenosa,Consumidor terciario,Venado,Mutualismo,8,7,1
8386,Hormiga cortadora,Productor,Boa constrictor,Herbivoría,9,35,6
8387,Termitas,Consumidor primario,Rana venenosa,Mutualismo,9,15,7
8388,Rana venenosa,Consumidor primario,Águila harpía,Mutualismo,8,15,10
8389,Hormiga cortadora,Descomponedor,Mono araña,Depredación,10,12,5
8390,Mono araña,Consumidor secundario,Tucán,Descomposición,4,40,3
8391,Hormiga cortadora,Productor,Hormiga cortadora,Herbivoría,7,6,7
8392,Jaguar,Descomponedor,Tucán,Herbivoría,5,39,1
8393,Águila harpía,Consumidor terciario,Águila harpía,Competencia,3,26,4
8394,Venado,Consumidor primario,Boa constrictor,Herbivoría,7,40,8
8395,Mono araña,Consumidor terciario,Boa constrictor,Depredación,7,27,6
8396,Rana venenosa,Consumidor primario,Hormiga cortadora,Descomposición,8,36,8
8397,Águila harpía,Productor,Mono araña,Herbivoría,1,26,2
8398,Hormiga cortadora,Descomponedor,Termitas,Descomposición,1,28,10
8399,Venado,Descomponedor,Boa constrictor,Mutualismo,10,44,7
8400,Rana venenosa,Consumidor terciario,Boa constrictor,Competencia,2,40,1
8401,Águila harpía,Consumidor primario,Jaguar,Competencia,5,32,10
8402,Mono araña,Consumidor primario,Boa constrictor,Depredación,4,21,8
8403,Anaconda,Productor,Rana venenosa,Competencia,10,18,7
8404,Rana venenosa,Consumidor primario,Águila harpía,Depredación,2,2,9
8405,Boa constrictor,Descomponedor,Venado,Descomposición,7,27,6
8406,Termitas,Productor,Hormiga cortadora,Depredación,8,4,4
8407,Boa constrictor,Descomponedor,Venado,Depredación,1,50,1
8408,Águila harpía,Productor,Águila harpía,Depredación,10,49,10
8409,Mono araña,Descomponedor,Anaconda,Herbivoría,5,16,9
8410,Hormiga cortadora,Consumidor secundario,Rana venenosa,Mutualismo,2,5,3
8411,Tucán,Productor,Rana venenosa,Depredación,2,6,6
8412,Rana venenosa,Consumidor primario,Boa constrictor,Depredación,4,31,3
8413,Boa constrictor,Consumidor primario,Tucán,Competencia,9,9,9
8414,Hormiga cortadora,Productor,Jaguar,Descomposición,3,19,1
8415,Rana venenosa,Descomponedor,Jaguar,Descomposición,4,2,3
8416,Águila harpía,Productor,Mono araña,Competencia,10,19,1
8417,Águila harpía,Consumidor secundario,Tucán,Herbivoría,8,39,3
8418,Jaguar,Consumidor terciario,Águila harpía,Mutualismo,4,18,7
8419,Termitas,Productor,Anaconda,Depredación,3,10,1
8420,Hormiga cortadora,Consumidor primario,Boa constrictor,Depredación,5,17,7
8421,Mono araña,Descomponedor,Rana venenosa,Descomposición,4,20,6
8422,Jaguar,Consumidor terciario,Mono araña,Depredación,9,35,8
8423,Termitas,Consumidor secundario,Termitas,Depredación,8,3,6
8424,Anaconda,Consumidor terciario,Anaconda,Mutualismo,4,48,1
8425,Jaguar,Consumidor secundario,Rana venenosa,Competencia,3,26,3
8426,Venado,Consumidor primario,Rana venenosa,Descomposición,2,43,6
8427,Rana venenosa,Descomponedor,Jaguar,Competencia,6,46,4
8428,Mono araña,Descomponedor,Venado,Depredación,2,48,9
8429,Venado,Consumidor secundario,Rana venenosa,Depredación,3,2,6
8430,Boa constrictor,Consumidor secundario,Mono araña,Competencia,8,2,1
8431,Rana venenosa,Consumidor terciario,Jaguar,Competencia,7,43,9
8432,Rana venenosa,Descomponedor,Venado,Competencia,5,6,1
8433,Termitas,Consumidor terciario,Jaguar,Descomposición,3,50,8
8434,Termitas,Descomponedor,Rana venenosa,Competencia,8,7,4
8435,Anaconda,Descomponedor,Tucán,Mutualismo,8,23,1
8436,Boa constrictor,Productor,Águila harpía,Herbivoría,8,23,3
8437,Rana venenosa,Consumidor secundario,Águila harpía,Descomposición,5,40,3
8438,Hormiga cortadora,Consumidor secundario,Tucán,Mutualismo,5,24,3
8439,Venado,Consumidor primario,Rana venenosa,Herbivoría,9,13,6
8440,Mono araña,Productor,Anaconda,Herbivoría,5,30,4
8441,Mono araña,Descomponedor,Rana venenosa,Descomposición,10,28,8
8442,Tucán,Consumidor primario,Mono araña,Mutualismo,8,41,3
8443,Termitas,Descomponedor,Anaconda,Competencia,2,18,1
8444,Venado,Consumidor secundario,Tucán,Depredación,1,37,4
8445,Boa constrictor,Consumidor secundario,Rana venenosa,Depredación,4,20,6
8446,Venado,Productor,Rana venenosa,Herbivoría,8,7,6
8447,Hormiga cortadora,Consumidor secundario,Termitas,Descomposición,10,34,3
8448,Jaguar,Consumidor primario,Mono araña,Mutualismo,4,42,7
8449,Rana venenosa,Productor,Águila harpía,Competencia,10,21,1
8450,Mono araña,Descomponedor,Mono araña,Depredación,3,36,1
8451,Tucán,Consumidor terciario,Anaconda,Mutualismo,8,16,8
8452,Boa constrictor,Consumidor secundario,Venado,Mutualismo,6,7,4
8453,Boa constrictor,Descomponedor,Águila harpía,Depredación,10,40,4
8454,Rana venenosa,Consumidor primario,Anaconda,Depredación,1,14,10
8455,Boa constrictor,Consumidor primario,Hormiga cortadora,Mutualismo,2,8,3
8456,Venado,Productor,Jaguar,Herbivoría,8,11,7
8457,Tucán,Productor,Hormiga cortadora,Depredación,4,44,4
8458,Termitas,Consumidor terciario,Hormiga cortadora,Competencia,4,30,10
8459,Rana venenosa,Descomponedor,Termitas,Competencia,10,3,2
8460,Termitas,Productor,Venado,Descomposición,2,11,1
8461,Boa constrictor,Consumidor secundario,Venado,Descomposición,7,12,10
8462,Termitas,Descomponedor,Mono araña,Competencia,6,41,8
8463,Rana venenosa,Productor,Venado,Mutualismo,6,25,4
8464,Águila harpía,Descomponedor,Águila harpía,Competencia,6,47,10
8465,Rana venenosa,Consumidor secundario,Mono araña,Depredación,1,14,3
8466,Mono araña,Consumidor secundario,Jaguar,Mutualismo,4,7,10
8467,Boa constrictor,Consumidor secundario,Venado,Descomposición,6,29,1
8468,Hormiga cortadora,Consumidor primario,Termitas,Descomposición,6,40,6
8469,Águila harpía,Consumidor secundario,Anaconda,Competencia,6,15,6
8470,Termitas,Consumidor secundario,Rana venenosa,Descomposición,3,25,7
8471,Mono araña,Consumidor primario,Termitas,Competencia,6,1,1
8472,Boa constrictor,Descomponedor,Rana venenosa,Herbivoría,4,26,1
8473,Jaguar,Consumidor primario,Águila harpía,Depredación,5,9,7
8474,Venado,Consumidor terciario,Boa constrictor,Depredación,1,14,9
8475,Anaconda,Consumidor terciario,Jaguar,Depredación,8,34,4
8476,Venado,Consumidor terciario,Jaguar,Mutualismo,3,33,9
8477,Venado,Consumidor terciario,Boa constrictor,Descomposición,9,23,1
8478,Tucán,Productor,Mono araña,Herbivoría,1,24,8
8479,Anaconda,Descomponedor,Jaguar,Mutualismo,4,40,1
8480,Águila harpía,Productor,Jaguar,Descomposición,4,47,2
8481,Termitas,Productor,Tucán,Depredación,10,16,1
8482,Hormiga cortadora,Consumidor secundario,Venado,Competencia,9,7,9
8483,Tucán,Productor,Águila harpía,Descomposición,4,7,6
8484,Tucán,Productor,Venado,Competencia,6,31,4
8485,Águila harpía,Consumidor terciario,Águila harpía,Herbivoría,1,21,1
8486,Jaguar,Consumidor terciario,Venado,Descomposición,1,18,1
8487,Hormiga cortadora,Consumidor terciario,Jaguar,Mutualismo,2,40,8
8488,Termitas,Consumidor secundario,Boa constrictor,Mutualismo,10,45,1
8489,Venado,Consumidor secundario,Termitas,Descomposición,7,10,10
8490,Anaconda,Consumidor secundario,Anaconda,Descomposición,1,38,5
8491,Boa constrictor,Productor,Águila harpía,Mutualismo,2,41,4
8492,Termitas,Consumidor terciario,Hormiga cortadora,Competencia,8,21,10
8493,Jaguar,Consumidor primario,Boa constrictor,Descomposición,10,30,1
8494,Rana venenosa,Descomponedor,Águila harpía,Depredación,4,40,10
8495,Tucán,Productor,Tucán,Descomposición,6,31,8
8496,Tucán,Productor,Jaguar,Competencia,1,28,10
8497,Boa constrictor,Consumidor secundario,Águila harpía,Mutualismo,9,29,6
8498,Termitas,Consumidor terciario,Boa constrictor,Competencia,3,3,3
8499,Tucán,Consumidor primario,Termitas,Competencia,10,6,10
8500,Hormiga cortadora,Consumidor terciario,Venado,Competencia,10,18,5
8501,Rana venenosa,Consumidor terciario,Termitas,Herbivoría,9,1,6
8502,Boa constrictor,Productor,Águila harpía,Competencia,2,48,3
8503,Águila harpía,Consumidor secundario,Boa constrictor,Depredación,5,44,6
8504,Tucán,Consumidor primario,Rana venenosa,Depredación,7,23,4
8505,Hormiga cortadora,Productor,Anaconda,Descomposición,10,1,9
8506,Tucán,Descomponedor,Termitas,Depredación,7,41,2
8507,Boa constrictor,Descomponedor,Anaconda,Herbivoría,2,6,9
8508,Tucán,Consumidor secundario,Tucán,Herbivoría,7,41,10
8509,Tucán,Consumidor secundario,Hormiga cortadora,Competencia,6,7,9
8510,Rana venenosa,Consumidor terciario,Jaguar,Mutualismo,5,1,5
8511,Jaguar,Consumidor secundario,Venado,Depredación,6,29,8
8512,Boa constrictor,Productor,Jaguar,Depredación,4,27,6
8513,Termitas,Descomponedor,Termitas,Mutualismo,2,8,1
8514,Hormiga cortadora,Consumidor secundario,Anaconda,Competencia,1,29,2
8515,Rana venenosa,Descomponedor,Venado,Depredación,6,22,6
8516,Boa constrictor,Descomponedor,Rana venenosa,Descomposición,8,22,9
8517,Anaconda,Consumidor terciario,Anaconda,Mutualismo,7,10,2
8518,Anaconda,Consumidor terciario,Tucán,Depredación,1,3,5
8519,Tucán,Consumidor primario,Boa constrictor,Mutualismo,10,20,4
8520,Termitas,Consumidor primario,Boa constrictor,Descomposición,6,43,8
8521,Tucán,Consumidor secundario,Tucán,Herbivoría,9,27,2
8522,Jaguar,Consumidor terciario,Anaconda,Herbivoría,6,46,2
8523,Venado,Consumidor primario,Hormiga cortadora,Depredación,7,9,10
8524,Águila harpía,Consumidor terciario,Jaguar,Mutualismo,8,17,4
8525,Rana venenosa,Consumidor secundario,Venado,Herbivoría,1,16,6
8526,Termitas,Descomponedor,Anaconda,Herbivoría,5,23,2
8527,Hormiga cortadora,Productor,Jaguar,Depredación,10,43,1
8528,Jaguar,Consumidor primario,Venado,Competencia,7,26,4
8529,Mono araña,Descomponedor,Boa constrictor,Mutualismo,8,15,3
8530,Tucán,Descomponedor,Águila harpía,Competencia,4,7,4
8531,Boa constrictor,Descomponedor,Termitas,Herbivoría,3,25,10
8532,Anaconda,Consumidor secundario,Águila harpía,Herbivoría,4,3,5
8533,Boa constrictor,Descomponedor,Boa constrictor,Herbivoría,7,13,2
8534,Termitas,Consumidor primario,Boa constrictor,Mutualismo,5,47,9
8535,Termitas,Productor,Hormiga cortadora,Depredación,7,40,1
8536,Termitas,Consumidor terciario,Rana venenosa,Mutualismo,2,40,9
8537,Rana venenosa,Descomponedor,Águila harpía,Herbivoría,7,29,10
8538,Anaconda,Descomponedor,Venado,Competencia,6,3,3
8539,Hormiga cortadora,Productor,Anaconda,Competencia,4,44,7
8540,Hormiga cortadora,Consumidor terciario,Tucán,Mutualismo,4,43,3
8541,Anaconda,Productor,Termitas,Herbivoría,5,37,6
8542,Anaconda,Descomponedor,Anaconda,Herbivoría,4,16,7
8543,Hormiga cortadora,Consumidor primario,Jaguar,Herbivoría,10,43,6
8544,Hormiga cortadora,Consumidor secundario,Mono araña,Competencia,2,11,5
8545,Jaguar,Consumidor primario,Jaguar,Descomposición,7,47,1
8546,Venado,Consumidor terciario,Águila harpía,Competencia,9,35,1
8547,Águila harpía,Consumidor terciario,Venado,Mutualismo,2,44,3
8548,Termitas,Descomponedor,Jaguar,Herbivoría,7,1,7
8549,Boa constrictor,Consumidor primario,Mono araña,Depredación,8,1,8
8550,Tucán,Consumidor secundario,Tucán,Mutualismo,7,35,8
8551,Termitas,Productor,Boa constrictor,Descomposición,1,15,2
8552,Hormiga cortadora,Consumidor secundario,Venado,Descomposición,6,35,3
8553,Águila harpía,Consumidor terciario,Águila harpía,Depredación,9,19,1
8554,Anaconda,Consumidor primario,Jaguar,Competencia,5,24,10
8555,Boa constrictor,Consumidor primario,Boa constrictor,Descomposición,3,38,1
8556,Águila harpía,Consumidor secundario,Venado,Herbivoría,9,47,2
8557,Venado,Descomponedor,Hormiga cortadora,Herbivoría,1,4,4
8558,Rana venenosa,Consumidor terciario,Anaconda,Descomposición,4,19,10
8559,Rana venenosa,Consumidor secundario,Águila harpía,Descomposición,5,10,4
8560,Tucán,Descomponedor,Venado,Mutualismo,6,15,5
8561,Águila harpía,Consumidor terciario,Águila harpía,Mutualismo,6,2,7
8562,Boa constrictor,Consumidor terciario,Boa constrictor,Descomposición,5,15,1
8563,Venado,Productor,Jaguar,Descomposición,9,33,10
8564,Hormiga cortadora,Consumidor terciario,Anaconda,Competencia,4,31,5
8565,Águila harpía,Consumidor terciario,Termitas,Mutualismo,9,39,7
8566,Jaguar,Consumidor secundario,Hormiga cortadora,Descomposición,6,10,8
8567,Hormiga cortadora,Consumidor primario,Águila harpía,Herbivoría,4,24,8
8568,Boa constrictor,Productor,Termitas,Competencia,6,11,10
8569,Tucán,Consumidor primario,Venado,Competencia,2,6,3
8570,Mono araña,Consumidor secundario,Venado,Herbivoría,5,14,2
8571,Hormiga cortadora,Productor,Anaconda,Mutualismo,8,50,9
8572,Tucán,Consumidor primario,Termitas,Descomposición,9,33,7
8573,Boa constrictor,Productor,Tucán,Competencia,6,29,9
8574,Rana venenosa,Productor,Venado,Mutualismo,4,32,3
8575,Hormiga cortadora,Consumidor primario,Jaguar,Competencia,6,31,6
8576,Termitas,Productor,Jaguar,Herbivoría,2,47,6
8577,Tucán,Productor,Mono araña,Herbivoría,1,1,7
8578,Venado,Consumidor secundario,Termitas,Herbivoría,7,43,4
8579,Boa constrictor,Consumidor secundario,Rana venenosa,Competencia,6,46,3
8580,Boa constrictor,Consumidor primario,Anaconda,Descomposición,2,7,2
8581,Tucán,Consumidor secundario,Termitas,Mutualismo,1,43,4
8582,Mono araña,Descomponedor,Anaconda,Herbivoría,1,8,8
8583,Venado,Consumidor secundario,Tucán,Competencia,7,32,10
8584,Tucán,Productor,Mono araña,Depredación,3,11,2
8585,Termitas,Descomponedor,Águila harpía,Herbivoría,8,4,2
8586,Jaguar,Consumidor primario,Tucán,Mutualismo,6,1,5
8587,Venado,Consumidor primario,Venado,Competencia,3,22,5
8588,Hormiga cortadora,Descomponedor,Boa constrictor,Herbivoría,3,30,10
8589,Rana venenosa,Productor,Tucán,Mutualismo,3,29,9
8590,Rana venenosa,Consumidor primario,Águila harpía,Competencia,2,40,7
8591,Águila harpía,Consumidor secundario,Águila harpía,Mutualismo,5,7,5
8592,Jaguar,Consumidor primario,Águila harpía,Mutualismo,3,29,6
8593,Termitas,Consumidor terciario,Venado,Competencia,9,34,4
8594,Mono araña,Consumidor primario,Hormiga cortadora,Herbivoría,10,37,7
8595,Anaconda,Descomponedor,Águila harpía,Mutualismo,10,41,1
8596,Hormiga cortadora,Consumidor primario,Rana venenosa,Depredación,9,15,2
8597,Venado,Consumidor terciario,Venado,Depredación,10,17,10
8598,Hormiga cortadora,Consumidor primario,Rana venenosa,Herbivoría,1,43,8
8599,Mono araña,Consumidor terciario,Tucán,Competencia,4,50,7
8600,Jaguar,Consumidor secundario,Jaguar,Herbivoría,10,13,6
8601,Rana venenosa,Productor,Rana venenosa,Descomposición,2,18,3
8602,Anaconda,Consumidor secundario,Rana venenosa,Mutualismo,9,27,10
8603,Anaconda,Consumidor terciario,Boa constrictor,Depredación,2,34,6
8604,Venado,Consumidor secundario,Anaconda,Mutualismo,8,32,7
8605,Termitas,Productor,Termitas,Competencia,2,30,2
8606,Tucán,Productor,Águila harpía,Competencia,8,21,2
8607,Jaguar,Consumidor primario,Anaconda,Mutualismo,10,3,9
8608,Anaconda,Descomponedor,Venado,Descomposición,6,28,10
8609,Termitas,Consumidor primario,Jaguar,Competencia,3,48,5
8610,Boa constrictor,Consumidor primario,Rana venenosa,Herbivoría,8,29,6
8611,Tucán,Productor,Anaconda,Herbivoría,1,29,1
8612,Termitas,Productor,Rana venenosa,Competencia,4,23,10
8613,Anaconda,Consumidor primario,Águila harpía,Mutualismo,10,30,7
8614,Anaconda,Consumidor primario,Rana venenosa,Competencia,9,40,5
8615,Termitas,Productor,Tucán,Mutualismo,6,29,1
8616,Tucán,Consumidor primario,Hormiga cortadora,Mutualismo,1,22,8
8617,Hormiga cortadora,Consumidor primario,Venado,Depredación,1,26,6
8618,Boa constrictor,Productor,Mono araña,Mutualismo,4,11,10
8619,Tucán,Productor,Boa constrictor,Depredación,1,6,2
8620,Tucán,Consumidor secundario,Mono araña,Mutualismo,1,31,4
8621,Tucán,Consumidor secundario,Mono araña,Competencia,4,35,10
8622,Águila harpía,Consumidor primario,Hormiga cortadora,Herbivoría,8,48,4
8623,Tucán,Consumidor terciario,Águila harpía,Competencia,1,48,10
8624,Hormiga cortadora,Productor,Hormiga cortadora,Descomposición,6,10,7
8625,Venado,Descomponedor,Anaconda,Competencia,5,50,6
8626,Venado,Consumidor terciario,Jaguar,Depredación,7,40,2
8627,Tucán,Consumidor secundario,Venado,Competencia,9,40,4
8628,Anaconda,Consumidor primario,Mono araña,Competencia,10,36,4
8629,Tucán,Consumidor secundario,Boa constrictor,Competencia,9,5,1
8630,Boa constrictor,Consumidor primario,Rana venenosa,Herbivoría,7,30,8
8631,Termitas,Descomponedor,Mono araña,Competencia,4,22,6
8632,Águila harpía,Consumidor primario,Águila harpía,Descomposición,5,31,7
8633,Hormiga cortadora,Descomponedor,Venado,Herbivoría,6,11,4
8634,Águila harpía,Consumidor primario,Mono araña,Competencia,4,39,2
8635,Venado,Productor,Jaguar,Depredación,1,38,2
8636,Termitas,Descomponedor,Jaguar,Descomposición,2,43,1
8637,Anaconda,Consumidor secundario,Termitas,Mutualismo,6,41,4
8638,Mono araña,Consumidor secundario,Anaconda,Descomposición,9,42,3
8639,Hormiga cortadora,Consumidor secundario,Hormiga cortadora,Descomposición,8,39,4
8640,Jaguar,Consumidor terciario,Jaguar,Mutualismo,3,2,7
8641,Termitas,Descomponedor,Rana venenosa,Mutualismo,9,22,6
8642,Mono araña,Consumidor secundario,Mono araña,Competencia,3,32,10
8643,Águila harpía,Descomponedor,Venado,Herbivoría,10,3,9
8644,Tucán,Consumidor secundario,Jaguar,Herbivoría,4,1,1
8645,Tucán,Consumidor terciario,Mono araña,Descomposición,8,41,3
8646,Anaconda,Descomponedor,Rana venenosa,Depredación,2,23,8
8647,Jaguar,Consumidor secundario,Hormiga cortadora,Competencia,10,3,4
8648,Boa constrictor,Consumidor terciario,Jaguar,Herbivoría,7,39,8
8649,Rana venenosa,Consumidor secundario,Jaguar,Descomposición,6,41,4
8650,Termitas,Descomponedor,Jaguar,Herbivoría,3,23,9
8651,Hormiga cortadora,Descomponedor,Termitas,Mutualismo,2,23,5
8652,Termitas,Consumidor secundario,Venado,Mutualismo,5,20,10
8653,Boa constrictor,Productor,Tucán,Depredación,6,47,7
8654,Jaguar,Consumidor secundario,Anaconda,Descomposición,7,44,2
8655,Jaguar,Consumidor secundario,Tucán,Depredación,9,48,8
8656,Anaconda,Descomponedor,Termitas,Descomposición,2,7,5
8657,Rana venenosa,Consumidor secundario,Jaguar,Depredación,7,39,5
8658,Termitas,Productor,Rana venenosa,Herbivoría,9,39,7
8659,Venado,Consumidor secundario,Águila harpía,Descomposición,1,36,5
8660,Hormiga cortadora,Consumidor primario,Águila harpía,Depredación,5,50,8
8661,Rana venenosa,Consumidor primario,Venado,Competencia,4,2,6
8662,Anaconda,Descomponedor,Boa constrictor,Descomposición,8,41,7
8663,Anaconda,Consumidor terciario,Venado,Descomposición,2,46,3
8664,Hormiga cortadora,Productor,Anaconda,Mutualismo,3,46,6
8665,Mono araña,Consumidor terciario,Rana venenosa,Descomposición,10,43,2
8666,Rana venenosa,Productor,Anaconda,Herbivoría,5,23,3
8667,Anaconda,Consumidor primario,Termitas,Descomposición,7,43,4
8668,Hormiga cortadora,Consumidor terciario,Venado,Descomposición,2,46,10
8669,Águila harpía,Consumidor primario,Rana venenosa,Herbivoría,9,15,9
8670,Hormiga cortadora,Consumidor secundario,Águila harpía,Competencia,5,6,2
8671,Águila harpía,Descomponedor,Venado,Herbivoría,3,21,5
8672,Rana venenosa,Consumidor secundario,Venado,Competencia,3,32,8
8673,Boa constrictor,Consumidor terciario,Jaguar,Herbivoría,5,15,3
8674,Hormiga cortadora,Consumidor secundario,Águila harpía,Herbivoría,10,7,2
8675,Jaguar,Productor,Hormiga cortadora,Mutualismo,8,13,8
8676,Mono araña,Consumidor terciario,Águila harpía,Descomposición,4,47,6
8677,Hormiga cortadora,Consumidor secundario,Termitas,Depredación,10,16,5
8678,Tucán,Descomponedor,Tucán,Descomposición,5,16,3
8679,Águila harpía,Descomponedor,Águila harpía,Competencia,7,20,5
8680,Boa constrictor,Consumidor primario,Rana venenosa,Mutualismo,4,49,3
8681,Venado,Consumidor secundario,Anaconda,Herbivoría,2,45,10
8682,Águila harpía,Consumidor primario,Mono araña,Competencia,9,2,7
8683,Águila harpía,Productor,Termitas,Descomposición,4,1,6
8684,Jaguar,Consumidor primario,Águila harpía,Depredación,9,35,5
8685,Tucán,Consumidor terciario,Jaguar,Herbivoría,7,32,5
8686,Termitas,Descomponedor,Termitas,Competencia,3,30,9
8687,Boa constrictor,Productor,Tucán,Mutualismo,5,47,1
8688,Boa constrictor,Descomponedor,Boa constrictor,Depredación,4,10,2
8689,Hormiga cortadora,Descomponedor,Anaconda,Mutualismo,9,21,6
8690,Venado,Consumidor terciario,Hormiga cortadora,Competencia,8,33,1
8691,Venado,Descomponedor,Mono araña,Depredación,3,31,6
8692,Boa constrictor,Productor,Anaconda,Descomposición,2,10,6
8693,Anaconda,Consumidor terciario,Mono araña,Depredación,9,19,10
8694,Hormiga cortadora,Productor,Mono araña,Mutualismo,2,2,3
8695,Boa constrictor,Descomponedor,Jaguar,Herbivoría,1,13,10
8696,Mono araña,Consumidor terciario,Mono araña,Competencia,4,36,5
8697,Boa constrictor,Consumidor primario,Boa constrictor,Descomposición,7,45,9
8698,Tucán,Consumidor secundario,Tucán,Herbivoría,3,49,5
8699,Rana venenosa,Descomponedor,Hormiga cortadora,Mutualismo,7,8,2
8700,Tucán,Descomponedor,Rana venenosa,Descomposición,10,30,5
8701,Anaconda,Descomponedor,Venado,Mutualismo,5,13,6
8702,Hormiga cortadora,Consumidor terciario,Jaguar,Descomposición,1,49,5
8703,Jaguar,Descomponedor,Mono araña,Herbivoría,9,42,6
8704,Tucán,Consumidor secundario,Venado,Herbivoría,1,44,8
8705,Tucán,Descomponedor,Águila harpía,Mutualismo,1,30,9
8706,Boa constrictor,Consumidor primario,Jaguar,Depredación,8,45,3
8707,Venado,Descomponedor,Tucán,Depredación,10,30,8
8708,Hormiga cortadora,Consumidor terciario,Termitas,Descomposición,9,36,1
8709,Rana venenosa,Consumidor secundario,Anaconda,Mutualismo,2,37,4
8710,Tucán,Consumidor terciario,Jaguar,Herbivoría,1,45,2
8711,Hormiga cortadora,Descomponedor,Venado,Depredación,2,22,7
8712,Águila harpía,Productor,Tucán,Depredación,7,12,7
8713,Venado,Productor,Rana venenosa,Herbivoría,4,26,10
8714,Tucán,Consumidor terciario,Rana venenosa,Mutualismo,7,29,1
8715,Termitas,Consumidor secundario,Termitas,Depredación,10,49,7
8716,Jaguar,Productor,Tucán,Herbivoría,6,19,1
8717,Termitas,Productor,Boa constrictor,Herbivoría,7,43,9
8718,Tucán,Consumidor secundario,Tucán,Competencia,1,42,9
8719,Boa constrictor,Consumidor primario,Jaguar,Depredación,2,34,9
8720,Anaconda,Consumidor secundario,Venado,Descomposición,1,43,6
8721,Mono araña,Consumidor secundario,Termitas,Descomposición,2,30,10
8722,Hormiga cortadora,Consumidor primario,Termitas,Depredación,10,25,3
8723,Venado,Consumidor terciario,Tucán,Descomposición,2,41,10
8724,Rana venenosa,Consumidor primario,Hormiga cortadora,Descomposición,3,10,7
8725,Boa constrictor,Consumidor primario,Hormiga cortadora,Depredación,3,49,3
8726,Rana venenosa,Descomponedor,Rana venenosa,Descomposición,2,20,4
8727,Hormiga cortadora,Consumidor primario,Venado,Competencia,1,50,2
8728,Boa constrictor,Consumidor primario,Hormiga cortadora,Herbivoría,4,43,1
8729,Venado,Consumidor primario,Mono araña,Herbivoría,6,16,8
8730,Rana venenosa,Productor,Venado,Depredación,8,37,10
8731,Mono araña,Descomponedor,Termitas,Descomposición,8,35,9
8732,Anaconda,Consumidor secundario,Anaconda,Herbivoría,5,48,8
8733,Anaconda,Consumidor secundario,Venado,Mutualismo,7,19,3
8734,Mono araña,Consumidor terciario,Rana venenosa,Herbivoría,10,30,7
8735,Jaguar,Productor,Mono araña,Mutualismo,10,43,5
8736,Anaconda,Productor,Termitas,Herbivoría,9,7,6
8737,Águila harpía,Descomponedor,Hormiga cortadora,Mutualismo,6,40,7
8738,Rana venenosa,Consumidor primario,Termitas,Competencia,1,15,3
8739,Termitas,Descomponedor,Tucán,Descomposición,1,8,9
8740,Mono araña,Consumidor secundario,Hormiga cortadora,Depredación,3,26,1
8741,Hormiga cortadora,Productor,Venado,Descomposición,10,31,8
8742,Águila harpía,Consumidor terciario,Tucán,Herbivoría,1,18,10
8743,Tucán,Productor,Venado,Herbivoría,5,46,5
8744,Venado,Descomponedor,Jaguar,Depredación,7,19,9
8745,Anaconda,Consumidor terciario,Anaconda,Descomposición,9,45,3
8746,Rana venenosa,Consumidor terciario,Tucán,Competencia,10,28,10
8747,Águila harpía,Consumidor secundario,Hormiga cortadora,Herbivoría,3,5,6
8748,Termitas,Consumidor terciario,Águila harpía,Competencia,3,4,10
8749,Águila harpía,Consumidor terciario,Rana venenosa,Mutualismo,1,13,1
8750,Venado,Consumidor secundario,Anaconda,Descomposición,7,31,9
8751,Jaguar,Productor,Anaconda,Herbivoría,8,32,3
8752,Boa constrictor,Consumidor terciario,Rana venenosa,Competencia,8,20,3
8753,Mono araña,Descomponedor,Venado,Depredación,10,37,6
8754,Jaguar,Consumidor primario,Termitas,Depredación,7,18,6
8755,Anaconda,Consumidor secundario,Mono araña,Mutualismo,10,23,2
8756,Termitas,Consumidor terciario,Mono araña,Competencia,6,18,4
8757,Mono araña,Consumidor primario,Hormiga cortadora,Descomposición,8,24,5
8758,Anaconda,Descomponedor,Termitas,Depredación,4,15,10
8759,Mono araña,Consumidor terciario,Venado,Mutualismo,4,17,9
8760,Águila harpía,Consumidor secundario,Hormiga cortadora,Descomposición,6,27,8
8761,Águila harpía,Consumidor terciario,Termitas,Descomposición,7,13,9
8762,Hormiga cortadora,Productor,Hormiga cortadora,Depredación,8,1,10
8763,Mono araña,Descomponedor,Termitas,Competencia,5,44,9
8764,Anaconda,Consumidor secundario,Jaguar,Descomposición,4,2,10
8765,Boa constrictor,Descomponedor,Boa constrictor,Competencia,5,5,1
8766,Boa constrictor,Consumidor primario,Águila harpía,Herbivoría,2,38,6
8767,Jaguar,Productor,Hormiga cortadora,Competencia,4,32,4
8768,Boa constrictor,Consumidor terciario,Venado,Herbivoría,8,39,4
8769,Tucán,Consumidor primario,Rana venenosa,Herbivoría,6,50,10
8770,Boa constrictor,Descomponedor,Termitas,Depredación,8,23,1
8771,Termitas,Productor,Termitas,Mutualismo,7,7,10
8772,Anaconda,Descomponedor,Venado,Mutualismo,8,19,9
8773,Hormiga cortadora,Consumidor terciario,Hormiga cortadora,Descomposición,7,2,1
8774,Boa constrictor,Consumidor primario,Águila harpía,Competencia,1,18,7
8775,Mono araña,Consumidor secundario,Águila harpía,Herbivoría,8,47,6
8776,Rana venenosa,Descomponedor,Venado,Depredación,9,22,9
8777,Hormiga cortadora,Descomponedor,Águila harpía,Competencia,7,49,7
8778,Jaguar,Productor,Anaconda,Mutualismo,9,50,6
8779,Águila harpía,Descomponedor,Tucán,Herbivoría,7,17,7
8780,Jaguar,Productor,Rana venenosa,Descomposición,6,43,3
8781,Águila harpía,Descomponedor,Jaguar,Competencia,10,23,3
8782,Rana venenosa,Consumidor secundario,Mono araña,Competencia,6,38,9
8783,Venado,Consumidor secundario,Jaguar,Competencia,2,48,1
8784,Mono araña,Consumidor terciario,Mono araña,Herbivoría,7,25,9
8785,Venado,Consumidor primario,Mono araña,Depredación,6,46,7
8786,Hormiga cortadora,Consumidor primario,Tucán,Descomposición,4,15,8
8787,Jaguar,Productor,Mono araña,Descomposición,5,9,7
8788,Águila harpía,Descomponedor,Mono araña,Competencia,6,19,3
8789,Jaguar,Descomponedor,Anaconda,Mutualismo,9,16,8
8790,Tucán,Consumidor secundario,Anaconda,Competencia,3,13,1
8791,Mono araña,Consumidor terciario,Tucán,Herbivoría,1,29,4
8792,Águila harpía,Consumidor secundario,Hormiga cortadora,Mutualismo,4,38,7
8793,Termitas,Productor,Boa constrictor,Competencia,9,48,3
8794,Tucán,Descomponedor,Tucán,Descomposición,2,32,5
8795,Boa constrictor,Consumidor secundario,Tucán,Depredación,9,20,9
8796,Mono araña,Consumidor secundario,Termitas,Depredación,3,45,1
8797,Mono araña,Consumidor terciario,Hormiga cortadora,Depredación,10,30,9
8798,Anaconda,Descomponedor,Venado,Depredación,7,6,5
8799,Anaconda,Productor,Hormiga cortadora,Descomposición,7,20,7
8800,Jaguar,Consumidor secundario,Termitas,Descomposición,9,6,10
8801,Mono araña,Consumidor terciario,Anaconda,Descomposición,2,17,8
8802,Termitas,Descomponedor,Rana venenosa,Descomposición,10,32,7
8803,Venado,Productor,Termitas,Depredación,9,16,6
8804,Venado,Consumidor primario,Jaguar,Competencia,10,21,7
8805,Hormiga cortadora,Productor,Boa constrictor,Depredación,2,36,7
8806,Rana venenosa,Productor,Tucán,Mutualismo,4,14,3
8807,Rana venenosa,Consumidor primario,Hormiga cortadora,Herbivoría,3,21,8
8808,Anaconda,Consumidor secundario,Anaconda,Herbivoría,9,46,8
8809,Rana venenosa,Descomponedor,Mono araña,Mutualismo,9,9,7
8810,Hormiga cortadora,Productor,Hormiga cortadora,Herbivoría,7,38,9
8811,Tucán,Consumidor secundario,Anaconda,Competencia,7,49,8
8812,Tucán,Productor,Anaconda,Depredación,10,10,8
8813,Jaguar,Consumidor secundario,Venado,Depredación,5,45,7
8814,Venado,Consumidor primario,Rana venenosa,Competencia,3,23,8
8815,Venado,Descomponedor,Anaconda,Depredación,4,5,9
8816,Boa constrictor,Descomponedor,Rana venenosa,Descomposición,6,3,10
8817,Rana venenosa,Consumidor primario,Venado,Descomposición,7,27,3
8818,Termitas,Consumidor secundario,Termitas,Descomposición,10,8,5
8819,Mono araña,Consumidor secundario,Hormiga cortadora,Mutualismo,1,17,4
8820,Águila harpía,Consumidor terciario,Águila harpía,Depredación,2,34,2
8821,Hormiga cortadora,Consumidor secundario,Jaguar,Descomposición,3,2,3
8822,Anaconda,Consumidor secundario,Jaguar,Competencia,9,25,8
8823,Boa constrictor,Consumidor terciario,Mono araña,Herbivoría,8,1,3
8824,Boa constrictor,Consumidor secundario,Mono araña,Mutualismo,5,34,5
8825,Águila harpía,Consumidor terciario,Termitas,Descomposición,1,40,9
8826,Rana venenosa,Consumidor terciario,Boa constrictor,Herbivoría,1,39,2
8827,Mono araña,Consumidor terciario,Águila harpía,Competencia,3,7,2
8828,Termitas,Consumidor secundario,Tucán,Descomposición,10,32,3
8829,Termitas,Consumidor primario,Águila harpía,Competencia,6,4,1
8830,Mono araña,Consumidor secundario,Jaguar,Competencia,5,30,6
8831,Anaconda,Productor,Boa constrictor,Depredación,3,11,3
8832,Águila harpía,Consumidor terciario,Hormiga cortadora,Herbivoría,3,8,7
8833,Anaconda,Consumidor primario,Águila harpía,Descomposición,3,34,2
8834,Rana venenosa,Descomponedor,Águila harpía,Competencia,1,19,4
8835,Rana venenosa,Descomponedor,Águila harpía,Mutualismo,2,16,2
8836,Tucán,Productor,Anaconda,Competencia,1,8,6
8837,Venado,Productor,Termitas,Herbivoría,1,2,1
8838,Rana venenosa,Consumidor secundario,Mono araña,Herbivoría,9,16,4
8839,Venado,Productor,Termitas,Descomposición,8,41,2
8840,Águila harpía,Consumidor terciario,Hormiga cortadora,Descomposición,9,37,1
8841,Termitas,Descomponedor,Jaguar,Depredación,10,3,10
8842,Anaconda,Consumidor primario,Venado,Descomposición,2,17,6
8843,Termitas,Consumidor primario,Anaconda,Herbivoría,1,48,10
8844,Venado,Consumidor terciario,Hormiga cortadora,Depredación,9,32,6
8845,Águila harpía,Consumidor terciario,Boa constrictor,Depredación,2,3,4
8846,Rana venenosa,Consumidor primario,Tucán,Descomposición,10,10,2
8847,Tucán,Consumidor secundario,Águila harpía,Mutualismo,4,10,5
8848,Anaconda,Consumidor terciario,Águila harpía,Descomposición,8,29,5
8849,Jaguar,Descomponedor,Mono araña,Depredación,5,5,5
8850,Boa constrictor,Consumidor terciario,Boa constrictor,Descomposición,9,2,7
8851,Hormiga cortadora,Consumidor secundario,Hormiga cortadora,Depredación,3,13,7
8852,Mono araña,Descomponedor,Mono araña,Competencia,7,23,1
8853,Mono araña,Consumidor terciario,Águila harpía,Herbivoría,2,47,8
8854,Boa constrictor,Consumidor terciario,Boa constrictor,Competencia,3,36,4
8855,Mono araña,Consumidor secundario,Boa constrictor,Mutualismo,9,50,6
8856,Boa constrictor,Consumidor primario,Termitas,Competencia,9,24,10
8857,Anaconda,Consumidor secundario,Jaguar,Competencia,7,31,7
8858,Anaconda,Productor,Águila harpía,Mutualismo,1,10,7
8859,Venado,Consumidor primario,Boa constrictor,Herbivoría,5,30,3
8860,Jaguar,Consumidor primario,Águila harpía,Descomposición,9,38,5
8861,Termitas,Productor,Hormiga cortadora,Competencia,9,29,2
8862,Mono araña,Consumidor secundario,Termitas,Descomposición,8,35,3
8863,Termitas,Productor,Hormiga cortadora,Descomposición,4,32,1
8864,Termitas,Consumidor secundario,Hormiga cortadora,Competencia,4,31,7
8865,Venado,Consumidor secundario,Rana venenosa,Mutualismo,9,28,10
8866,Águila harpía,Consumidor primario,Anaconda,Descomposición,7,8,1
8867,Termitas,Descomponedor,Mono araña,Herbivoría,3,10,1
8868,Águila harpía,Consumidor terciario,Jaguar,Mutualismo,3,37,3
8869,Águila harpía,Consumidor terciario,Águila harpía,Depredación,3,45,4
8870,Hormiga cortadora,Descomponedor,Termitas,Mutualismo,8,2,6
8871,Águila harpía,Consumidor terciario,Boa constrictor,Depredación,7,22,5
8872,Tucán,Consumidor primario,Jaguar,Competencia,6,5,6
8873,Hormiga cortadora,Descomponedor,Venado,Competencia,2,49,1
8874,Anaconda,Consumidor primario,Anaconda,Mutualismo,5,26,2
8875,Rana venenosa,Productor,Boa constrictor,Herbivoría,1,2,7
8876,Boa constrictor,Consumidor primario,Venado,Competencia,1,24,9
8877,Anaconda,Consumidor terciario,Tucán,Depredación,4,40,5
8878,Venado,Consumidor primario,Tucán,Herbivoría,1,15,2
8879,Termitas,Consumidor secundario,Rana venenosa,Descomposición,3,42,2
8880,Hormiga cortadora,Descomponedor,Mono araña,Descomposición,6,24,2
8881,Venado,Consumidor secundario,Hormiga cortadora,Descomposición,6,35,10
8882,Venado,Productor,Hormiga cortadora,Descomposición,6,24,5
8883,Anaconda,Descomponedor,Hormiga cortadora,Depredación,4,8,5
8884,Tucán,Consumidor secundario,Águila harpía,Descomposición,6,10,8
8885,Termitas,Consumidor secundario,Termitas,Mutualismo,10,17,10
8886,Rana venenosa,Consumidor secundario,Termitas,Depredación,6,41,5
8887,Jaguar,Productor,Anaconda,Descomposición,3,6,5
8888,Boa constrictor,Consumidor secundario,Termitas,Descomposición,10,38,8
8889,Venado,Descomponedor,Termitas,Descomposición,2,12,1
8890,Termitas,Consumidor terciario,Rana venenosa,Depredación,6,41,5
8891,Termitas,Consumidor terciario,Termitas,Herbivoría,10,46,8
8892,Rana venenosa,Consumidor secundario,Anaconda,Competencia,3,21,9
8893,Termitas,Consumidor terciario,Termitas,Depredación,7,21,1
8894,Termitas,Consumidor secundario,Boa constrictor,Competencia,7,8,6
8895,Jaguar,Consumidor terciario,Boa constrictor,Competencia,9,16,5
8896,Hormiga cortadora,Productor,Hormiga cortadora,Depredación,5,2,8
8897,Tucán,Consumidor primario,Tucán,Herbivoría,8,28,7
8898,Rana venenosa,Descomponedor,Jaguar,Mutualismo,2,15,3
8899,Águila harpía,Descomponedor,Venado,Descomposición,5,50,3
8900,Tucán,Productor,Jaguar,Mutualismo,7,17,4
8901,Hormiga cortadora,Consumidor terciario,Tucán,Herbivoría,3,19,9
8902,Rana venenosa,Consumidor terciario,Águila harpía,Depredación,5,15,8
8903,Rana venenosa,Consumidor terciario,Águila harpía,Competencia,3,18,1
8904,Hormiga cortadora,Descomponedor,Boa constrictor,Depredación,7,23,8
8905,Rana venenosa,Consumidor terciario,Rana venenosa,Competencia,5,41,2
8906,Jaguar,Consumidor secundario,Anaconda,Descomposición,6,20,3
8907,Venado,Consumidor secundario,Tucán,Descomposición,9,9,1
8908,Jaguar,Productor,Tucán,Herbivoría,8,40,8
8909,Mono araña,Consumidor terciario,Rana venenosa,Herbivoría,10,12,4
8910,Termitas,Consumidor secundario,Águila harpía,Competencia,6,28,1
8911,Hormiga cortadora,Consumidor secundario,Mono araña,Herbivoría,4,23,10
8912,Mono araña,Descomponedor,Venado,Mutualismo,9,1,3
8913,Jaguar,Consumidor primario,Anaconda,Competencia,10,10,8
8914,Jaguar,Descomponedor,Anaconda,Mutualismo,4,27,10
8915,Mono araña,Consumidor terciario,Termitas,Competencia,4,28,8
8916,Mono araña,Consumidor terciario,Anaconda,Depredación,1,12,7
8917,Anaconda,Consumidor secundario,Termitas,Herbivoría,2,12,9
8918,Mono araña,Consumidor terciario,Anaconda,Competencia,9,17,9
8919,Hormiga cortadora,Consumidor secundario,Águila harpía,Mutualismo,1,27,5
8920,Águila harpía,Productor,Águila harpía,Descomposición,6,2,8
8921,Termitas,Consumidor secundario,Anaconda,Competencia,6,29,2
8922,Tucán,Consumidor terciario,Termitas,Competencia,4,50,8
8923,Jaguar,Descomponedor,Mono araña,Descomposición,6,18,5
8924,Rana venenosa,Consumidor secundario,Venado,Mutualismo,9,43,5
8925,Termitas,Descomponedor,Termitas,Herbivoría,8,21,1
8926,Tucán,Consumidor secundario,Mono araña,Mutualismo,9,2,7
8927,Tucán,Consumidor primario,Jaguar,Competencia,5,6,7
8928,Jaguar,Consumidor terciario,Mono araña,Herbivoría,8,49,4
8929,Termitas,Productor,Mono araña,Depredación,2,47,3
8930,Águila harpía,Consumidor terciario,Tucán,Competencia,6,5,3
8931,Águila harpía,Consumidor terciario,Venado,Herbivoría,6,30,10
8932,Hormiga cortadora,Consumidor secundario,Jaguar,Mutualismo,8,50,6
8933,Anaconda,Productor,Rana venenosa,Depredación,5,36,6
8934,Mono araña,Consumidor terciario,Mono araña,Descomposición,3,7,1
8935,Anaconda,Consumidor secundario,Hormiga cortadora,Herbivoría,9,12,3
8936,Hormiga cortadora,Consumidor secundario,Termitas,Mutualismo,2,19,6
8937,Jaguar,Consumidor primario,Rana venenosa,Herbivoría,8,43,9
8938,Anaconda,Productor,Tucán,Herbivoría,9,40,2
8939,Rana venenosa,Productor,Águila harpía,Descomposición,2,47,9
8940,Jaguar,Productor,Águila harpía,Depredación,10,37,1
8941,Rana venenosa,Consumidor secundario,Águila harpía,Descomposición,2,35,7
8942,Venado,Consumidor terciario,Tucán,Depredación,3,8,10
8943,Anaconda,Consumidor terciario,Boa constrictor,Descomposición,9,16,6
8944,Anaconda,Consumidor terciario,Termitas,Descomposición,7,25,5
8945,Anaconda,Consumidor secundario,Hormiga cortadora,Descomposición,10,5,8
8946,Venado,Descomponedor,Mono araña,Depredación,6,49,9
8947,Tucán,Consumidor terciario,Jaguar,Herbivoría,7,47,1
8948,Rana venenosa,Consumidor primario,Águila harpía,Depredación,10,16,3
8949,Anaconda,Consumidor terciario,Rana venenosa,Mutualismo,3,32,7
8950,Termitas,Descomponedor,Jaguar,Competencia,6,42,5
8951,Anaconda,Consumidor terciario,Venado,Herbivoría,4,11,4
8952,Rana venenosa,Consumidor terciario,Rana venenosa,Herbivoría,5,17,3
8953,Anaconda,Descomponedor,Rana venenosa,Depredación,7,36,1
8954,Rana venenosa,Descomponedor,Mono araña,Depredación,3,47,4
8955,Anaconda,Descomponedor,Rana venenosa,Competencia,9,9,2
8956,Águila harpía,Productor,Tucán,Depredación,2,39,5
8957,Hormiga cortadora,Productor,Boa constrictor,Competencia,5,8,5
8958,Venado,Consumidor primario,Hormiga cortadora,Depredación,6,38,10
8959,Boa constrictor,Productor,Venado,Herbivoría,7,46,2
8960,Rana venenosa,Productor,Boa constrictor,Mutualismo,9,29,10
8961,Anaconda,Productor,Hormiga cortadora,Mutualismo,6,11,2
8962,Rana venenosa,Productor,Hormiga cortadora,Competencia,9,27,7
8963,Hormiga cortadora,Consumidor secundario,Termitas,Depredación,10,29,6
8964,Rana venenosa,Productor,Rana venenosa,Mutualismo,5,47,8
8965,Rana venenosa,Consumidor primario,Venado,Herbivoría,7,26,5
8966,Mono araña,Consumidor secundario,Termitas,Descomposición,1,34,9
8967,Rana venenosa,Consumidor terciario,Venado,Herbivoría,10,10,5
8968,Mono araña,Consumidor primario,Boa constrictor,Competencia,5,36,10
8969,Tucán,Consumidor primario,Mono araña,Mutualismo,5,48,5
8970,Jaguar,Productor,Jaguar,Herbivoría,1,44,4
8971,Tucán,Consumidor secundario,Águila harpía,Descomposición,4,25,5
8972,Venado,Productor,Rana venenosa,Mutualismo,6,1,8
8973,Boa constrictor,Consumidor terciario,Anaconda,Depredación,6,7,7
8974,Anaconda,Productor,Jaguar,Competencia,7,47,2
8975,Hormiga cortadora,Descomponedor,Hormiga cortadora,Depredación,6,41,6
8976,Mono araña,Consumidor primario,Venado,Competencia,5,15,5
8977,Rana venenosa,Productor,Anaconda,Depredación,9,21,6
8978,Venado,Consumidor secundario,Boa constrictor,Herbivoría,3,34,8
8979,Hormiga cortadora,Productor,Rana venenosa,Herbivoría,7,12,6
8980,Tucán,Descomponedor,Hormiga cortadora,Competencia,10,7,1
8981,Mono araña,Consumidor primario,Mono araña,Competencia,1,35,10
8982,Hormiga cortadora,Productor,Hormiga cortadora,Mutualismo,2,49,2
8983,Mono araña,Consumidor secundario,Termitas,Competencia,8,20,1
8984,Rana venenosa,Consumidor secundario,Venado,Competencia,5,16,8
8985,Rana venenosa,Consumidor terciario,Termitas,Mutualismo,2,22,6
8986,Águila harpía,Consumidor secundario,Mono araña,Mutualismo,8,46,7
8987,Jaguar,Productor,Anaconda,Competencia,1,49,6
8988,Hormiga cortadora,Consumidor secundario,Mono araña,Descomposición,3,9,8
8989,Jaguar,Consumidor primario,Termitas,Herbivoría,6,5,9
8990,Boa constrictor,Consumidor terciario,Boa constrictor,Herbivoría,10,41,1
8991,Hormiga cortadora,Descomponedor,Mono araña,Mutualismo,9,47,4
8992,Tucán,Consumidor secundario,Boa constrictor,Depredación,8,27,10
8993,Termitas,Consumidor primario,Rana venenosa,Competencia,6,8,2
8994,Hormiga cortadora,Descomponedor,Termitas,Descomposición,7,39,10
8995,Hormiga cortadora,Consumidor secundario,Jaguar,Descomposición,6,45,10
8996,Hormiga cortadora,Consumidor primario,Águila harpía,Descomposición,6,17,3
8997,Termitas,Consumidor secundario,Mono araña,Competencia,1,3,8
8998,Rana venenosa,Productor,Águila harpía,Competencia,8,50,8
8999,Termitas,Productor,Termitas,Competencia,1,34,7
9000,Termitas,Productor,Mono araña,Mutualismo,4,2,1
9001,Mono araña,Consumidor terciario,Águila harpía,Descomposición,6,5,3
9002,Tucán,Productor,Venado,Competencia,5,9,1
9003,Mono araña,Consumidor primario,Anaconda,Descomposición,4,10,2
9004,Rana venenosa,Descomponedor,Venado,Descomposición,6,28,9
9005,Tucán,Consumidor primario,Jaguar,Depredación,7,2,6
9006,Hormiga cortadora,Consumidor primario,Rana venenosa,Depredación,3,34,8
9007,Anaconda,Descomponedor,Anaconda,Mutualismo,6,49,10
9008,Jaguar,Consumidor primario,Anaconda,Depredación,3,9,6
9009,Mono araña,Productor,Jaguar,Mutualismo,10,30,2
9010,Jaguar,Consumidor terciario,Águila harpía,Competencia,10,7,7
9011,Águila harpía,Descomponedor,Anaconda,Herbivoría,2,39,10
9012,Hormiga cortadora,Consumidor primario,Termitas,Descomposición,10,19,1
9013,Águila harpía,Consumidor primario,Boa constrictor,Descomposición,8,50,1
9014,Boa constrictor,Descomponedor,Boa constrictor,Competencia,7,15,5
9015,Termitas,Descomponedor,Venado,Herbivoría,3,28,10
9016,Termitas,Descomponedor,Rana venenosa,Mutualismo,3,45,7
9017,Rana venenosa,Consumidor primario,Anaconda,Descomposición,7,18,3
9018,Tucán,Consumidor secundario,Mono araña,Depredación,7,4,2
9019,Rana venenosa,Consumidor secundario,Termitas,Competencia,8,29,9
9020,Venado,Consumidor terciario,Jaguar,Herbivoría,7,24,1
9021,Mono araña,Consumidor primario,Anaconda,Mutualismo,6,19,3
9022,Mono araña,Descomponedor,Termitas,Depredación,4,23,4
9023,Anaconda,Productor,Termitas,Competencia,1,31,1
9024,Boa constrictor,Consumidor secundario,Termitas,Mutualismo,5,16,7
9025,Boa constrictor,Productor,Jaguar,Descomposición,9,32,10
9026,Boa constrictor,Productor,Mono araña,Competencia,8,9,2
9027,Tucán,Productor,Venado,Mutualismo,4,23,8
9028,Tucán,Consumidor primario,Termitas,Competencia,6,6,10
9029,Jaguar,Descomponedor,Termitas,Herbivoría,2,36,8
9030,Jaguar,Descomponedor,Águila harpía,Descomposición,10,23,5
9031,Águila harpía,Productor,Águila harpía,Descomposición,5,26,3
9032,Rana venenosa,Consumidor primario,Águila harpía,Competencia,7,14,3
9033,Venado,Consumidor terciario,Jaguar,Herbivoría,10,24,1
9034,Jaguar,Consumidor terciario,Rana venenosa,Competencia,8,8,9
9035,Boa constrictor,Productor,Tucán,Mutualismo,7,42,7
9036,Termitas,Descomponedor,Rana venenosa,Competencia,8,33,8
9037,Rana venenosa,Productor,Mono araña,Herbivoría,3,20,4
9038,Venado,Productor,Jaguar,Mutualismo,8,50,2
9039,Rana venenosa,Consumidor secundario,Rana venenosa,Mutualismo,2,29,5
9040,Hormiga cortadora,Consumidor secundario,Jaguar,Herbivoría,2,48,10
9041,Jaguar,Productor,Tucán,Descomposición,8,50,5
9042,Jaguar,Descomponedor,Anaconda,Depredación,8,6,4
9043,Termitas,Descomponedor,Jaguar,Competencia,8,4,1
9044,Hormiga cortadora,Descomponedor,Boa constrictor,Mutualismo,8,40,9
9045,Hormiga cortadora,Consumidor secundario,Hormiga cortadora,Descomposición,3,30,4
9046,Venado,Descomponedor,Hormiga cortadora,Herbivoría,1,13,3
9047,Boa constrictor,Descomponedor,Águila harpía,Mutualismo,9,43,3
9048,Hormiga cortadora,Descomponedor,Termitas,Mutualismo,1,46,8
9049,Hormiga cortadora,Productor,Venado,Mutualismo,2,17,10
9050,Mono araña,Consumidor primario,Águila harpía,Competencia,2,27,5
9051,Termitas,Descomponedor,Anaconda,Herbivoría,9,26,1
9052,Venado,Descomponedor,Venado,Mutualismo,6,40,8
9053,Venado,Productor,Hormiga cortadora,Depredación,10,41,7
9054,Anaconda,Productor,Rana venenosa,Descomposición,9,31,9
9055,Rana venenosa,Productor,Águila harpía,Competencia,9,47,9
9056,Termitas,Consumidor terciario,Jaguar,Herbivoría,4,28,6
9057,Anaconda,Consumidor secundario,Tucán,Herbivoría,5,13,8
9058,Águila harpía,Consumidor secundario,Anaconda,Mutualismo,2,15,10
9059,Boa constrictor,Consumidor secundario,Águila harpía,Mutualismo,9,39,7
9060,Boa constrictor,Consumidor secundario,Águila harpía,Herbivoría,7,45,1
9061,Boa constrictor,Consumidor terciario,Anaconda,Depredación,3,47,8
9062,Tucán,Consumidor primario,Anaconda,Depredación,8,44,10
9063,Mono araña,Consumidor terciario,Rana venenosa,Mutualismo,9,5,9
9064,Mono araña,Productor,Boa constrictor,Competencia,6,48,6
9065,Jaguar,Consumidor terciario,Águila harpía,Depredación,6,27,3
9066,Jaguar,Consumidor terciario,Venado,Competencia,2,12,8
9067,Águila harpía,Consumidor terciario,Anaconda,Descomposición,8,14,4
9068,Anaconda,Descomponedor,Boa constrictor,Mutualismo,6,38,8
9069,Mono araña,Productor,Rana venenosa,Depredación,4,33,6
9070,Jaguar,Consumidor secundario,Mono araña,Descomposición,3,35,3
9071,Termitas,Productor,Venado,Mutualismo,2,9,9
9072,Jaguar,Productor,Tucán,Depredación,3,41,2
9073,Boa constrictor,Consumidor secundario,Rana venenosa,Depredación,9,30,5
9074,Tucán,Consumidor primario,Águila harpía,Descomposición,2,38,9
9075,Termitas,Consumidor secundario,Boa constrictor,Competencia,6,49,9
9076,Mono araña,Descomponedor,Hormiga cortadora,Herbivoría,2,13,4
9077,Águila harpía,Descomponedor,Jaguar,Competencia,9,47,6
9078,Hormiga cortadora,Descomponedor,Boa constrictor,Competencia,1,15,3
9079,Venado,Consumidor primario,Hormiga cortadora,Descomposición,4,41,2
9080,Águila harpía,Consumidor primario,Anaconda,Mutualismo,9,30,3
9081,Rana venenosa,Descomponedor,Anaconda,Depredación,8,30,6
9082,Águila harpía,Descomponedor,Hormiga cortadora,Herbivoría,2,27,1
9083,Jaguar,Consumidor secundario,Rana venenosa,Herbivoría,9,13,7
9084,Venado,Consumidor primario,Termitas,Competencia,8,5,7
9085,Anaconda,Productor,Rana venenosa,Mutualismo,7,20,8
9086,Anaconda,Descomponedor,Rana venenosa,Mutualismo,3,45,8
9087,Termitas,Descomponedor,Hormiga cortadora,Mutualismo,5,35,8
9088,Venado,Descomponedor,Tucán,Descomposición,6,22,4
9089,Boa constrictor,Consumidor primario,Termitas,Mutualismo,4,19,6
9090,Anaconda,Descomponedor,Jaguar,Competencia,8,4,5
9091,Tucán,Consumidor primario,Mono araña,Depredación,6,28,6
9092,Mono araña,Consumidor secundario,Jaguar,Herbivoría,10,12,6
9093,Águila harpía,Productor,Águila harpía,Competencia,2,29,2
9094,Boa constrictor,Productor,Venado,Depredación,7,24,7
9095,Jaguar,Consumidor secundario,Águila harpía,Mutualismo,7,27,8
9096,Boa constrictor,Consumidor primario,Jaguar,Competencia,6,46,5
9097,Hormiga cortadora,Descomponedor,Anaconda,Herbivoría,9,24,9
9098,Águila harpía,Consumidor primario,Rana venenosa,Depredación,3,10,8
9099,Termitas,Consumidor terciario,Venado,Competencia,1,19,7
9100,Rana venenosa,Productor,Jaguar,Competencia,6,28,5
9101,Venado,Consumidor secundario,Hormiga cortadora,Herbivoría,4,15,8
9102,Venado,Descomponedor,Mono araña,Herbivoría,8,18,1
9103,Termitas,Consumidor primario,Águila harpía,Herbivoría,3,38,5
9104,Hormiga cortadora,Productor,Termitas,Descomposición,9,2,8
9105,Jaguar,Productor,Jaguar,Depredación,10,43,2
9106,Boa constrictor,Consumidor primario,Boa constrictor,Mutualismo,10,1,6
9107,Jaguar,Consumidor primario,Boa constrictor,Mutualismo,9,48,8
9108,Águila harpía,Consumidor primario,Termitas,Mutualismo,2,31,7
9109,Anaconda,Consumidor terciario,Mono araña,Mutualismo,3,39,2
9110,Jaguar,Descomponedor,Águila harpía,Descomposición,9,22,10
9111,Tucán,Consumidor terciario,Águila harpía,Herbivoría,8,39,8
9112,Mono araña,Consumidor terciario,Hormiga cortadora,Competencia,1,5,9
9113,Venado,Consumidor terciario,Boa constrictor,Descomposición,7,24,3
9114,Tucán,Descomponedor,Tucán,Depredación,7,46,4
9115,Mono araña,Consumidor secundario,Anaconda,Depredación,2,11,10
9116,Jaguar,Descomponedor,Jaguar,Herbivoría,9,44,3
9117,Boa constrictor,Consumidor primario,Águila harpía,Depredación,1,8,2
9118,Tucán,Productor,Águila harpía,Descomposición,1,4,8
9119,Tucán,Consumidor primario,Rana venenosa,Competencia,5,21,10
9120,Mono araña,Productor,Venado,Depredación,2,48,6
9121,Hormiga cortadora,Consumidor secundario,Anaconda,Competencia,8,11,5
9122,Tucán,Descomponedor,Rana venenosa,Mutualismo,3,3,9
9123,Mono araña,Consumidor secundario,Jaguar,Herbivoría,6,41,1
9124,Boa constrictor,Productor,Tucán,Herbivoría,9,33,1
9125,Termitas,Consumidor secundario,Termitas,Mutualismo,10,23,6
9126,Hormiga cortadora,Consumidor terciario,Hormiga cortadora,Herbivoría,8,40,1
9127,Venado,Productor,Termitas,Depredación,8,18,10
9128,Tucán,Consumidor terciario,Termitas,Descomposición,6,35,1
9129,Hormiga cortadora,Productor,Venado,Competencia,5,14,1
9130,Termitas,Productor,Venado,Competencia,6,28,7
9131,Tucán,Productor,Anaconda,Competencia,4,24,3
9132,Venado,Descomponedor,Águila harpía,Depredación,5,6,5
9133,Venado,Productor,Águila harpía,Competencia,4,18,3
9134,Mono araña,Consumidor terciario,Jaguar,Herbivoría,3,48,10
9135,Tucán,Consumidor terciario,Mono araña,Descomposición,5,43,1
9136,Mono araña,Consumidor terciario,Termitas,Competencia,2,18,1
9137,Hormiga cortadora,Descomponedor,Termitas,Mutualismo,10,19,8
9138,Mono araña,Productor,Venado,Competencia,6,8,3
9139,Jaguar,Productor,Águila harpía,Competencia,10,1,10
9140,Rana venenosa,Consumidor terciario,Venado,Depredación,8,34,3
9141,Águila harpía,Consumidor primario,Mono araña,Herbivoría,9,19,5
9142,Mono araña,Consumidor secundario,Hormiga cortadora,Herbivoría,7,27,1
9143,Venado,Consumidor secundario,Anaconda,Herbivoría,5,12,2
9144,Termitas,Consumidor terciario,Hormiga cortadora,Depredación,7,3,10
9145,Mono araña,Descomponedor,Boa constrictor,Competencia,2,45,7
9146,Mono araña,Consumidor secundario,Águila harpía,Descomposición,7,2,7
9147,Mono araña,Consumidor secundario,Mono araña,Herbivoría,6,28,10
9148,Mono araña,Productor,Águila harpía,Herbivoría,3,43,3
9149,Venado,Consumidor primario,Mono araña,Competencia,1,27,4
9150,Mono araña,Consumidor primario,Águila harpía,Descomposición,1,41,7
9151,Termitas,Consumidor secundario,Boa constrictor,Competencia,1,17,3
9152,Tucán,Consumidor terciario,Hormiga cortadora,Herbivoría,3,15,10
9153,Boa constrictor,Descomponedor,Anaconda,Competencia,4,50,6
9154,Tucán,Descomponedor,Tucán,Mutualismo,5,13,3
9155,Mono araña,Consumidor primario,Venado,Mutualismo,10,36,5
9156,Anaconda,Consumidor secundario,Águila harpía,Depredación,7,22,4
9157,Jaguar,Consumidor primario,Termitas,Herbivoría,2,13,8
9158,Tucán,Consumidor secundario,Termitas,Descomposición,8,22,8
9159,Termitas,Consumidor terciario,Venado,Depredación,2,39,5
9160,Anaconda,Productor,Jaguar,Descomposición,8,19,9
9161,Hormiga cortadora,Productor,Venado,Herbivoría,7,39,10
9162,Rana venenosa,Consumidor primario,Mono araña,Descomposición,6,48,9
9163,Termitas,Consumidor primario,Mono araña,Competencia,3,2,4
9164,Jaguar,Consumidor secundario,Tucán,Descomposición,9,25,3
9165,Mono araña,Productor,Anaconda,Herbivoría,3,19,5
9166,Rana venenosa,Consumidor secundario,Venado,Herbivoría,7,46,1
9167,Termitas,Productor,Águila harpía,Competencia,5,29,10
9168,Águila harpía,Descomponedor,Jaguar,Descomposición,3,46,3
9169,Águila harpía,Productor,Anaconda,Depredación,6,7,9
9170,Termitas,Consumidor terciario,Termitas,Descomposición,9,50,1
9171,Anaconda,Consumidor primario,Mono araña,Depredación,7,2,3
9172,Hormiga cortadora,Consumidor secundario,Venado,Depredación,1,11,10
9173,Águila harpía,Consumidor primario,Hormiga cortadora,Depredación,2,30,4
9174,Águila harpía,Consumidor primario,Boa constrictor,Depredación,10,33,2
9175,Águila harpía,Consumidor secundario,Anaconda,Descomposición,1,5,4
9176,Jaguar,Productor,Rana venenosa,Mutualismo,1,16,8
9177,Anaconda,Consumidor primario,Rana venenosa,Mutualismo,2,3,3
9178,Jaguar,Consumidor terciario,Jaguar,Competencia,9,7,1
9179,Tucán,Productor,Jaguar,Herbivoría,8,18,10
9180,Jaguar,Consumidor terciario,Hormiga cortadora,Herbivoría,10,5,5
9181,Venado,Consumidor primario,Águila harpía,Competencia,3,41,4
9182,Jaguar,Consumidor secundario,Rana venenosa,Mutualismo,6,43,10
9183,Águila harpía,Consumidor terciario,Águila harpía,Mutualismo,1,15,5
9184,Hormiga cortadora,Consumidor secundario,Venado,Mutualismo,7,23,7
9185,Venado,Descomponedor,Termitas,Descomposición,1,45,1
9186,Hormiga cortadora,Consumidor terciario,Rana venenosa,Descomposición,10,40,6
9187,Anaconda,Productor,Rana venenosa,Competencia,2,28,4
9188,Boa constrictor,Productor,Boa constrictor,Competencia,8,19,4
9189,Hormiga cortadora,Descomponedor,Venado,Mutualismo,7,26,7
9190,Rana venenosa,Consumidor secundario,Águila harpía,Herbivoría,8,27,1
9191,Anaconda,Descomponedor,Anaconda,Mutualismo,2,28,4
9192,Tucán,Productor,Anaconda,Herbivoría,3,22,1
9193,Venado,Productor,Hormiga cortadora,Mutualismo,8,48,6
9194,Águila harpía,Descomponedor,Tucán,Depredación,1,20,7
9195,Mono araña,Consumidor primario,Anaconda,Herbivoría,10,5,5
9196,Jaguar,Consumidor primario,Boa constrictor,Descomposición,5,28,8
9197,Termitas,Consumidor secundario,Hormiga cortadora,Herbivoría,9,11,10
9198,Rana venenosa,Consumidor secundario,Águila harpía,Mutualismo,10,17,10
9199,Jaguar,Consumidor terciario,Anaconda,Depredación,9,27,6
9200,Tucán,Consumidor secundario,Anaconda,Depredación,5,40,8
9201,Jaguar,Descomponedor,Termitas,Competencia,4,30,10
9202,Águila harpía,Productor,Anaconda,Competencia,6,5,9
9203,Águila harpía,Consumidor primario,Venado,Herbivoría,8,45,9
9204,Anaconda,Productor,Mono araña,Herbivoría,4,41,9
9205,Mono araña,Consumidor secundario,Mono araña,Descomposición,1,29,8
9206,Tucán,Consumidor secundario,Anaconda,Competencia,8,36,2
9207,Rana venenosa,Consumidor primario,Anaconda,Depredación,4,2,3
9208,Tucán,Productor,Jaguar,Depredación,10,48,10
9209,Termitas,Consumidor primario,Tucán,Descomposición,1,13,6
9210,Hormiga cortadora,Consumidor terciario,Anaconda,Herbivoría,10,50,8
9211,Termitas,Consumidor secundario,Hormiga cortadora,Depredación,8,39,7
9212,Águila harpía,Consumidor secundario,Boa constrictor,Herbivoría,3,7,6
9213,Águila harpía,Productor,Águila harpía,Depredación,5,8,1
9214,Mono araña,Descomponedor,Águila harpía,Competencia,3,32,6
9215,Tucán,Consumidor secundario,Termitas,Descomposición,7,6,1
9216,Rana venenosa,Descomponedor,Águila harpía,Competencia,7,29,10
9217,Boa constrictor,Consumidor secundario,Hormiga cortadora,Mutualismo,2,41,6
9218,Termitas,Consumidor terciario,Tucán,Mutualismo,5,19,1
9219,Tucán,Consumidor terciario,Venado,Competencia,2,46,6
9220,Rana venenosa,Consumidor terciario,Venado,Competencia,3,1,7
9221,Anaconda,Consumidor secundario,Hormiga cortadora,Herbivoría,5,35,7
9222,Mono araña,Consumidor terciario,Tucán,Herbivoría,5,3,1
9223,Rana venenosa,Consumidor secundario,Águila harpía,Competencia,7,28,5
9224,Jaguar,Descomponedor,Rana venenosa,Competencia,5,15,7
9225,Anaconda,Consumidor terciario,Venado,Depredación,10,23,6
9226,Hormiga cortadora,Consumidor secundario,Boa constrictor,Herbivoría,9,50,3
9227,Termitas,Productor,Venado,Descomposición,5,32,1
9228,Águila harpía,Descomponedor,Mono araña,Competencia,5,32,3
9229,Venado,Consumidor secundario,Termitas,Mutualismo,10,27,5
9230,Anaconda,Consumidor primario,Anaconda,Depredación,5,31,4
9231,Águila harpía,Consumidor primario,Águila harpía,Herbivoría,3,43,2
9232,Boa constrictor,Consumidor terciario,Hormiga cortadora,Descomposición,4,14,8
9233,Anaconda,Descomponedor,Boa constrictor,Competencia,6,42,6
9234,Jaguar,Consumidor primario,Venado,Descomposición,3,23,7
9235,Águila harpía,Consumidor primario,Hormiga cortadora,Depredación,9,25,3
9236,Tucán,Consumidor primario,Venado,Depredación,3,45,3
9237,Venado,Productor,Termitas,Descomposición,10,50,1
9238,Anaconda,Productor,Termitas,Herbivoría,5,34,1
9239,Termitas,Consumidor secundario,Hormiga cortadora,Competencia,2,2,3
9240,Tucán,Consumidor terciario,Termitas,Depredación,7,4,1
9241,Rana venenosa,Productor,Termitas,Mutualismo,6,23,4
9242,Tucán,Consumidor terciario,Termitas,Mutualismo,9,6,10
9243,Mono araña,Productor,Águila harpía,Competencia,10,8,6
9244,Rana venenosa,Productor,Mono araña,Competencia,1,30,10
9245,Tucán,Consumidor primario,Águila harpía,Competencia,1,40,4
9246,Tucán,Descomponedor,Anaconda,Descomposición,7,33,4
9247,Jaguar,Consumidor secundario,Rana venenosa,Descomposición,10,50,4
9248,Termitas,Consumidor terciario,Anaconda,Mutualismo,1,18,6
9249,Venado,Consumidor primario,Tucán,Herbivoría,2,50,6
9250,Termitas,Consumidor secundario,Jaguar,Herbivoría,9,36,1
9251,Boa constrictor,Consumidor terciario,Hormiga cortadora,Mutualismo,1,5,7
9252,Termitas,Consumidor terciario,Boa constrictor,Descomposición,9,10,2
9253,Jaguar,Descomponedor,Águila harpía,Competencia,5,14,4
9254,Termitas,Productor,Termitas,Mutualismo,6,36,9
9255,Mono araña,Descomponedor,Boa constrictor,Depredación,3,20,5
9256,Hormiga cortadora,Consumidor secundario,Rana venenosa,Mutualismo,9,49,4
9257,Rana venenosa,Productor,Termitas,Descomposición,3,10,10
9258,Hormiga cortadora,Consumidor terciario,Mono araña,Herbivoría,5,39,4
9259,Tucán,Productor,Hormiga cortadora,Herbivoría,1,1,10
9260,Águila harpía,Consumidor terciario,Tucán,Mutualismo,10,3,4
9261,Rana venenosa,Consumidor primario,Tucán,Depredación,2,45,7
9262,Venado,Consumidor primario,Hormiga cortadora,Herbivoría,2,22,3
9263,Boa constrictor,Descomponedor,Águila harpía,Mutualismo,8,9,2
9264,Hormiga cortadora,Consumidor secundario,Boa constrictor,Depredación,6,35,6
9265,Termitas,Consumidor terciario,Hormiga cortadora,Mutualismo,9,25,5
9266,Rana venenosa,Productor,Mono araña,Mutualismo,7,35,3
9267,Rana venenosa,Productor,Tucán,Mutualismo,6,6,2
9268,Mono araña,Descomponedor,Jaguar,Herbivoría,2,33,2
9269,Rana venenosa,Consumidor secundario,Tucán,Depredación,3,1,6
9270,Tucán,Consumidor primario,Anaconda,Depredación,5,21,1
9271,Águila harpía,Productor,Águila harpía,Descomposición,7,39,1
9272,Tucán,Productor,Jaguar,Descomposición,9,46,1
9273,Mono araña,Consumidor primario,Termitas,Herbivoría,2,38,7
9274,Boa constrictor,Consumidor primario,Rana venenosa,Depredación,2,31,4
9275,Águila harpía,Descomponedor,Anaconda,Herbivoría,1,45,4
9276,Jaguar,Consumidor secundario,Hormiga cortadora,Herbivoría,10,15,7
9277,Mono araña,Consumidor secundario,Rana venenosa,Herbivoría,9,24,7
9278,Mono araña,Descomponedor,Venado,Mutualismo,1,24,3
9279,Rana venenosa,Productor,Rana venenosa,Competencia,5,46,10
9280,Mono araña,Consumidor secundario,Hormiga cortadora,Depredación,10,26,1
9281,Boa constrictor,Descomponedor,Jaguar,Competencia,8,43,3
9282,Águila harpía,Productor,Rana venenosa,Depredación,9,20,8
9283,Rana venenosa,Consumidor terciario,Anaconda,Depredación,4,50,4
9284,Hormiga cortadora,Consumidor primario,Tucán,Herbivoría,8,19,1
9285,Anaconda,Descomponedor,Anaconda,Herbivoría,6,27,3
9286,Mono araña,Consumidor primario,Jaguar,Descomposición,8,11,10
9287,Hormiga cortadora,Consumidor secundario,Jaguar,Descomposición,9,27,5
9288,Águila harpía,Consumidor primario,Rana venenosa,Depredación,5,9,8
9289,Rana venenosa,Consumidor primario,Águila harpía,Competencia,6,11,8
9290,Anaconda,Consumidor primario,Tucán,Herbivoría,8,19,4
9291,Termitas,Consumidor secundario,Jaguar,Mutualismo,2,17,9
9292,Boa constrictor,Productor,Mono araña,Depredación,4,33,8
9293,Venado,Consumidor primario,Águila harpía,Depredación,6,20,5
9294,Anaconda,Consumidor primario,Mono araña,Herbivoría,3,29,8
9295,Águila harpía,Consumidor secundario,Águila harpía,Depredación,10,16,2
9296,Mono araña,Consumidor secundario,Anaconda,Mutualismo,2,47,8
9297,Rana venenosa,Descomponedor,Termitas,Descomposición,4,28,6
9298,Termitas,Consumidor primario,Rana venenosa,Mutualismo,2,6,10
9299,Venado,Consumidor primario,Termitas,Depredación,3,3,1
9300,Boa constrictor,Descomponedor,Anaconda,Descomposición,1,4,1
9301,Hormiga cortadora,Consumidor primario,Venado,Descomposición,5,16,10
9302,Jaguar,Consumidor terciario,Mono araña,Depredación,6,16,10
9303,Boa constrictor,Productor,Tucán,Mutualismo,1,40,1
9304,Hormiga cortadora,Consumidor primario,Tucán,Mutualismo,9,9,1
9305,Termitas,Descomponedor,Rana venenosa,Descomposición,9,41,2
9306,Jaguar,Consumidor primario,Anaconda,Herbivoría,6,41,6
9307,Hormiga cortadora,Consumidor primario,Tucán,Competencia,2,18,1
9308,Jaguar,Consumidor secundario,Boa constrictor,Depredación,3,6,4
9309,Rana venenosa,Productor,Águila harpía,Herbivoría,10,12,7
9310,Jaguar,Consumidor primario,Boa constrictor,Depredación,1,39,10
9311,Mono araña,Consumidor primario,Águila harpía,Competencia,3,49,10
9312,Jaguar,Consumidor secundario,Tucán,Descomposición,3,42,1
9313,Rana venenosa,Productor,Tucán,Depredación,7,49,10
9314,Rana venenosa,Consumidor secundario,Boa constrictor,Depredación,10,28,10
9315,Mono araña,Consumidor secundario,Hormiga cortadora,Mutualismo,3,44,4
9316,Hormiga cortadora,Productor,Tucán,Mutualismo,9,49,7
9317,Tucán,Consumidor secundario,Hormiga cortadora,Herbivoría,2,30,5
9318,Anaconda,Productor,Hormiga cortadora,Depredación,2,13,10
9319,Anaconda,Consumidor primario,Termitas,Depredación,3,18,1
9320,Águila harpía,Descomponedor,Hormiga cortadora,Herbivoría,2,2,2
9321,Termitas,Productor,Jaguar,Herbivoría,1,4,8
9322,Venado,Productor,Jaguar,Herbivoría,5,32,2
9323,Rana venenosa,Descomponedor,Anaconda,Competencia,8,2,1
9324,Anaconda,Consumidor terciario,Mono araña,Depredación,8,41,6
9325,Mono araña,Consumidor secundario,Mono araña,Depredación,4,21,2
9326,Hormiga cortadora,Consumidor primario,Boa constrictor,Depredación,1,36,7
9327,Boa constrictor,Consumidor secundario,Anaconda,Depredación,1,35,10
9328,Jaguar,Descomponedor,Boa constrictor,Herbivoría,10,26,8
9329,Termitas,Productor,Rana venenosa,Herbivoría,10,35,2
9330,Termitas,Consumidor primario,Mono araña,Descomposición,5,22,1
9331,Anaconda,Productor,Mono araña,Depredación,9,46,2
9332,Águila harpía,Consumidor primario,Venado,Descomposición,8,35,6
9333,Jaguar,Descomponedor,Mono araña,Descomposición,4,41,7
9334,Anaconda,Consumidor terciario,Tucán,Depredación,6,8,9
9335,Rana venenosa,Consumidor primario,Tucán,Descomposición,8,8,1
9336,Águila harpía,Consumidor terciario,Anaconda,Depredación,8,15,9
9337,Venado,Consumidor secundario,Águila harpía,Herbivoría,5,48,7
9338,Jaguar,Consumidor primario,Águila harpía,Competencia,8,49,9
9339,Termitas,Productor,Rana venenosa,Mutualismo,2,20,5
9340,Mono araña,Consumidor secundario,Tucán,Herbivoría,9,1,1
9341,Venado,Productor,Venado,Herbivoría,3,35,2
9342,Rana venenosa,Consumidor primario,Jaguar,Competencia,1,32,6
9343,Boa constrictor,Productor,Venado,Herbivoría,6,28,4
9344,Hormiga cortadora,Consumidor secundario,Hormiga cortadora,Herbivoría,10,45,1
9345,Rana venenosa,Productor,Tucán,Descomposición,7,20,10
9346,Venado,Consumidor secundario,Anaconda,Herbivoría,4,41,3
9347,Anaconda,Consumidor primario,Hormiga cortadora,Competencia,7,12,10
9348,Boa constrictor,Consumidor terciario,Jaguar,Depredación,1,16,4
9349,Termitas,Productor,Hormiga cortadora,Depredación,2,7,3
9350,Boa constrictor,Consumidor terciario,Jaguar,Mutualismo,5,35,9
9351,Tucán,Productor,Águila harpía,Descomposición,10,41,7
9352,Tucán,Consumidor terciario,Rana venenosa,Depredación,1,30,7
9353,Tucán,Descomponedor,Termitas,Descomposición,2,29,6
9354,Boa constrictor,Consumidor terciario,Boa constrictor,Depredación,3,27,2
9355,Venado,Consumidor secundario,Hormiga cortadora,Descomposición,10,4,3
9356,Águila harpía,Consumidor secundario,Mono araña,Mutualismo,9,15,9
9357,Jaguar,Descomponedor,Mono araña,Descomposición,5,9,3
9358,Águila harpía,Productor,Hormiga cortadora,Descomposición,7,7,9
9359,Jaguar,Consumidor terciario,Boa constrictor,Depredación,5,7,9
9360,Tucán,Consumidor secundario,Termitas,Herbivoría,10,18,7
9361,Tucán,Consumidor primario,Termitas,Descomposición,8,25,6
9362,Rana venenosa,Consumidor secundario,Águila harpía,Descomposición,2,6,4
9363,Anaconda,Descomponedor,Anaconda,Competencia,2,49,3
9364,Mono araña,Consumidor secundario,Venado,Depredación,10,50,9
9365,Tucán,Descomponedor,Mono araña,Competencia,3,6,3
9366,Hormiga cortadora,Consumidor primario,Águila harpía,Herbivoría,10,38,1
9367,Tucán,Consumidor primario,Tucán,Descomposición,3,32,5
9368,Mono araña,Consumidor secundario,Jaguar,Herbivoría,3,29,1
9369,Boa constrictor,Productor,Hormiga cortadora,Depredación,10,47,3
9370,Tucán,Consumidor secundario,Tucán,Mutualismo,4,33,6
9371,Mono araña,Consumidor terciario,Venado,Depredación,6,28,3
9372,Tucán,Descomponedor,Tucán,Herbivoría,8,18,6
9373,Boa constrictor,Consumidor secundario,Hormiga cortadora,Competencia,5,23,10
9374,Anaconda,Consumidor terciario,Rana venenosa,Depredación,2,39,1
9375,Termitas,Productor,Jaguar,Herbivoría,1,50,3
9376,Hormiga cortadora,Consumidor secundario,Anaconda,Depredación,7,33,8
9377,Termitas,Consumidor secundario,Boa constrictor,Herbivoría,1,4,5
9378,Hormiga cortadora,Consumidor primario,Boa constrictor,Descomposición,7,19,8
9379,Termitas,Productor,Venado,Descomposición,2,24,6
9380,Hormiga cortadora,Descomponedor,Tucán,Competencia,4,14,4
9381,Jaguar,Consumidor secundario,Águila harpía,Mutualismo,2,42,1
9382,Jaguar,Consumidor terciario,Águila harpía,Herbivoría,8,35,9
9383,Hormiga cortadora,Productor,Mono araña,Competencia,1,30,5
9384,Rana venenosa,Consumidor primario,Jaguar,Depredación,3,15,8
9385,Venado,Descomponedor,Venado,Depredación,3,7,4
9386,Rana venenosa,Consumidor secundario,Águila harpía,Depredación,3,19,7
9387,Termitas,Consumidor terciario,Águila harpía,Depredación,6,30,6
9388,Venado,Descomponedor,Jaguar,Depredación,6,21,5
9389,Hormiga cortadora,Descomponedor,Águila harpía,Descomposición,10,28,9
9390,Mono araña,Consumidor terciario,Rana venenosa,Competencia,10,47,3
9391,Rana venenosa,Descomponedor,Rana venenosa,Depredación,9,17,2
9392,Rana venenosa,Productor,Tucán,Competencia,7,42,4
9393,Rana venenosa,Productor,Venado,Depredación,3,44,8
9394,Águila harpía,Consumidor terciario,Venado,Herbivoría,8,29,8
9395,Águila harpía,Descomponedor,Anaconda,Mutualismo,1,28,10
9396,Mono araña,Consumidor primario,Águila harpía,Mutualismo,7,42,2
9397,Jaguar,Descomponedor,Tucán,Descomposición,7,3,9
9398,Venado,Descomponedor,Hormiga cortadora,Mutualismo,6,36,6
9399,Jaguar,Productor,Anaconda,Mutualismo,4,6,2
9400,Tucán,Productor,Termitas,Mutualismo,7,15,10
9401,Hormiga cortadora,Consumidor primario,Mono araña,Depredación,5,42,8
9402,Anaconda,Consumidor terciario,Mono araña,Descomposición,2,33,7
9403,Termitas,Productor,Termitas,Descomposición,7,4,8
9404,Rana venenosa,Productor,Anaconda,Mutualismo,10,9,10
9405,Rana venenosa,Consumidor primario,Anaconda,Herbivoría,5,16,4
9406,Termitas,Consumidor terciario,Hormiga cortadora,Competencia,7,23,1
9407,Águila harpía,Productor,Boa constrictor,Depredación,6,17,2
9408,Rana venenosa,Consumidor primario,Hormiga cortadora,Descomposición,8,41,10
9409,Boa constrictor,Descomponedor,Tucán,Competencia,3,7,7
9410,Venado,Consumidor terciario,Termitas,Descomposición,8,4,4
9411,Termitas,Consumidor secundario,Mono araña,Descomposición,10,24,10
9412,Tucán,Consumidor secundario,Rana venenosa,Mutualismo,5,29,1
9413,Termitas,Productor,Águila harpía,Competencia,2,27,8
9414,Boa constrictor,Descomponedor,Águila harpía,Mutualismo,7,32,9
9415,Venado,Descomponedor,Mono araña,Descomposición,9,27,6
9416,Jaguar,Productor,Rana venenosa,Descomposición,7,19,1
9417,Venado,Productor,Boa constrictor,Descomposición,2,37,6
9418,Venado,Consumidor terciario,Venado,Mutualismo,4,46,5
9419,Rana venenosa,Consumidor secundario,Jaguar,Depredación,3,36,7
9420,Boa constrictor,Consumidor terciario,Anaconda,Depredación,5,45,6
9421,Jaguar,Consumidor secundario,Venado,Descomposición,7,38,10
9422,Tucán,Productor,Tucán,Mutualismo,3,9,9
9423,Termitas,Consumidor primario,Hormiga cortadora,Competencia,9,24,5
9424,Rana venenosa,Consumidor terciario,Rana venenosa,Depredación,5,37,7
9425,Venado,Productor,Hormiga cortadora,Herbivoría,4,25,7
9426,Venado,Consumidor secundario,Águila harpía,Depredación,6,4,7
9427,Hormiga cortadora,Consumidor terciario,Venado,Mutualismo,1,24,2
9428,Boa constrictor,Consumidor terciario,Mono araña,Descomposición,2,40,9
9429,Termitas,Productor,Jaguar,Competencia,10,32,10
9430,Venado,Descomponedor,Jaguar,Mutualismo,9,33,4
9431,Venado,Consumidor primario,Rana venenosa,Depredación,10,17,5
9432,Termitas,Descomponedor,Mono araña,Herbivoría,6,16,3
9433,Termitas,Productor,Anaconda,Competencia,4,8,7
9434,Águila harpía,Productor,Águila harpía,Herbivoría,5,47,6
9435,Anaconda,Productor,Rana venenosa,Descomposición,4,23,4
9436,Venado,Productor,Venado,Herbivoría,9,18,8
9437,Jaguar,Productor,Águila harpía,Competencia,4,41,8
9438,Jaguar,Productor,Anaconda,Mutualismo,7,41,2
9439,Rana venenosa,Consumidor primario,Jaguar,Depredación,6,34,3
9440,Tucán,Consumidor primario,Tucán,Depredación,7,25,10
9441,Mono araña,Productor,Hormiga cortadora,Depredación,3,14,1
9442,Jaguar,Consumidor terciario,Termitas,Depredación,7,45,6
9443,Hormiga cortadora,Consumidor secundario,Rana venenosa,Competencia,4,46,3
9444,Rana venenosa,Consumidor primario,Hormiga cortadora,Competencia,10,11,8
9445,Tucán,Consumidor terciario,Hormiga cortadora,Depredación,8,2,10
9446,Mono araña,Consumidor terciario,Mono araña,Herbivoría,9,22,5
9447,Rana venenosa,Consumidor primario,Jaguar,Depredación,3,22,5
9448,Hormiga cortadora,Descomponedor,Rana venenosa,Competencia,2,25,8
9449,Venado,Productor,Boa constrictor,Descomposición,8,22,1
9450,Jaguar,Consumidor secundario,Venado,Descomposición,8,21,3
9451,Tucán,Descomponedor,Mono araña,Competencia,1,45,6
9452,Termitas,Descomponedor,Rana venenosa,Herbivoría,4,37,1
9453,Hormiga cortadora,Descomponedor,Rana venenosa,Depredación,3,33,8
9454,Mono araña,Descomponedor,Termitas,Competencia,9,9,5
9455,Mono araña,Consumidor primario,Águila harpía,Depredación,5,38,2
9456,Mono araña,Productor,Tucán,Competencia,1,31,3
9457,Águila harpía,Consumidor terciario,Mono araña,Herbivoría,5,35,2
9458,Jaguar,Consumidor secundario,Jaguar,Depredación,1,36,9
9459,Mono araña,Productor,Anaconda,Depredación,5,36,6
9460,Águila harpía,Descomponedor,Boa constrictor,Mutualismo,10,1,2
9461,Venado,Consumidor secundario,Tucán,Depredación,8,29,9
9462,Venado,Consumidor secundario,Rana venenosa,Competencia,10,45,8
9463,Boa constrictor,Consumidor terciario,Anaconda,Descomposición,10,12,4
9464,Águila harpía,Descomponedor,Anaconda,Descomposición,4,50,3
9465,Venado,Descomponedor,Termitas,Herbivoría,4,36,1
9466,Tucán,Productor,Mono araña,Depredación,2,47,6
9467,Águila harpía,Consumidor terciario,Venado,Competencia,3,34,6
9468,Jaguar,Consumidor primario,Venado,Descomposición,2,47,10
9469,Águila harpía,Consumidor terciario,Jaguar,Descomposición,7,22,1
9470,Rana venenosa,Descomponedor,Anaconda,Herbivoría,1,9,7
9471,Águila harpía,Descomponedor,Jaguar,Descomposición,3,21,4
9472,Tucán,Consumidor terciario,Anaconda,Descomposición,1,17,8
9473,Hormiga cortadora,Consumidor secundario,Termitas,Depredación,2,40,2
9474,Venado,Consumidor primario,Rana venenosa,Mutualismo,9,39,3
9475,Venado,Consumidor primario,Boa constrictor,Descomposición,1,45,6
9476,Jaguar,Consumidor secundario,Mono araña,Depredación,3,47,6
9477,Venado,Productor,Hormiga cortadora,Competencia,5,38,2
9478,Boa constrictor,Consumidor terciario,Boa constrictor,Competencia,1,29,10
9479,Águila harpía,Consumidor primario,Boa constrictor,Depredación,8,4,7
9480,Jaguar,Consumidor terciario,Águila harpía,Descomposición,4,31,6
9481,Rana venenosa,Descomponedor,Venado,Descomposición,10,16,5
9482,Boa constrictor,Consumidor terciario,Jaguar,Descomposición,6,18,1
9483,Águila harpía,Consumidor primario,Venado,Herbivoría,10,26,5
9484,Boa constrictor,Productor,Venado,Herbivoría,7,48,8
9485,Boa constrictor,Consumidor terciario,Mono araña,Depredación,4,5,1
9486,Hormiga cortadora,Descomponedor,Boa constrictor,Competencia,1,13,6
9487,Hormiga cortadora,Consumidor primario,Rana venenosa,Descomposición,4,48,10
9488,Mono araña,Consumidor terciario,Boa constrictor,Competencia,8,42,8
9489,Termitas,Consumidor secundario,Termitas,Herbivoría,10,41,6
9490,Anaconda,Consumidor primario,Águila harpía,Depredación,5,45,1
9491,Termitas,Consumidor primario,Termitas,Competencia,5,34,8
9492,Anaconda,Descomponedor,Hormiga cortadora,Competencia,4,24,1
9493,Termitas,Productor,Venado,Descomposición,8,46,6
9494,Rana venenosa,Consumidor primario,Boa constrictor,Herbivoría,4,42,4
9495,Tucán,Consumidor secundario,Hormiga cortadora,Descomposición,10,29,8
9496,Anaconda,Consumidor terciario,Termitas,Depredación,9,24,1
9497,Hormiga cortadora,Descomponedor,Rana venenosa,Mutualismo,7,4,2
9498,Águila harpía,Consumidor terciario,Águila harpía,Depredación,1,24,4
9499,Anaconda,Consumidor terciario,Mono araña,Depredación,10,6,1
9500,Anaconda,Descomponedor,Boa constrictor,Descomposición,1,44,7
9501,Venado,Productor,Rana venenosa,Competencia,6,26,3
9502,Termitas,Descomponedor,Anaconda,Competencia,8,44,1
9503,Mono araña,Descomponedor,Mono araña,Descomposición,4,1,6
9504,Termitas,Consumidor terciario,Tucán,Mutualismo,5,2,1
9505,Tucán,Consumidor primario,Boa constrictor,Competencia,7,30,2
9506,Rana venenosa,Descomponedor,Jaguar,Mutualismo,9,48,10
9507,Mono araña,Consumidor terciario,Termitas,Depredación,3,22,1
9508,Tucán,Productor,Termitas,Depredación,7,46,1
9509,Rana venenosa,Consumidor terciario,Boa constrictor,Descomposición,7,15,8
9510,Hormiga cortadora,Productor,Mono araña,Mutualismo,7,6,8
9511,Mono araña,Productor,Jaguar,Descomposición,8,46,7
9512,Venado,Descomponedor,Hormiga cortadora,Competencia,7,18,10
9513,Jaguar,Productor,Anaconda,Descomposición,4,37,9
9514,Rana venenosa,Productor,Anaconda,Herbivoría,1,17,2
9515,Jaguar,Consumidor primario,Hormiga cortadora,Competencia,10,23,3
9516,Hormiga cortadora,Consumidor terciario,Venado,Competencia,10,36,10
9517,Tucán,Descomponedor,Águila harpía,Descomposición,5,12,10
9518,Rana venenosa,Descomponedor,Venado,Depredación,5,23,3
9519,Mono araña,Consumidor secundario,Termitas,Descomposición,2,24,6
9520,Águila harpía,Descomponedor,Anaconda,Descomposición,2,41,10
9521,Anaconda,Consumidor primario,Anaconda,Depredación,9,41,5
9522,Anaconda,Consumidor terciario,Venado,Mutualismo,10,5,2
9523,Tucán,Productor,Termitas,Mutualismo,2,42,9
9524,Anaconda,Consumidor primario,Boa constrictor,Competencia,10,11,2
9525,Boa constrictor,Productor,Tucán,Mutualismo,4,35,10
9526,Tucán,Descomponedor,Rana venenosa,Competencia,9,10,6
9527,Venado,Consumidor primario,Rana venenosa,Herbivoría,10,45,10
9528,Mono araña,Consumidor primario,Águila harpía,Descomposición,4,27,10
9529,Rana venenosa,Descomponedor,Rana venenosa,Descomposición,1,15,10
9530,Jaguar,Consumidor primario,Venado,Herbivoría,1,38,6
9531,Mono araña,Consumidor primario,Venado,Depredación,5,29,9
9532,Rana venenosa,Consumidor secundario,Venado,Depredación,9,15,3
9533,Rana venenosa,Consumidor terciario,Venado,Competencia,4,38,2
9534,Termitas,Productor,Jaguar,Mutualismo,1,34,5
9535,Venado,Consumidor primario,Anaconda,Depredación,9,23,6
9536,Jaguar,Consumidor terciario,Termitas,Depredación,3,1,9
9537,Hormiga cortadora,Consumidor secundario,Águila harpía,Depredación,10,37,2
9538,Jaguar,Productor,Mono araña,Descomposición,10,50,6
9539,Anaconda,Productor,Tucán,Competencia,10,2,1
9540,Boa constrictor,Descomponedor,Mono araña,Descomposición,7,48,3
9541,Termitas,Descomponedor,Boa constrictor,Depredación,9,23,5
9542,Boa constrictor,Consumidor terciario,Rana venenosa,Descomposición,6,12,8
9543,Jaguar,Consumidor terciario,Anaconda,Depredación,7,26,4
9544,Venado,Descomponedor,Termitas,Mutualismo,4,9,6
9545,Boa constrictor,Descomponedor,Venado,Depredación,2,5,4
9546,Tucán,Consumidor secundario,Tucán,Herbivoría,9,43,4
9547,Águila harpía,Consumidor terciario,Tucán,Herbivoría,7,17,9
9548,Hormiga cortadora,Productor,Jaguar,Depredación,9,29,5
9549,Termitas,Consumidor terciario,Termitas,Mutualismo,8,24,1
9550,Jaguar,Consumidor terciario,Rana venenosa,Depredación,9,8,2
9551,Termitas,Consumidor terciario,Venado,Descomposición,2,48,10
9552,Águila harpía,Productor,Tucán,Herbivoría,1,8,7
9553,Jaguar,Consumidor secundario,Jaguar,Descomposición,5,50,6
9554,Hormiga cortadora,Consumidor primario,Rana venenosa,Mutualismo,4,29,2
9555,Anaconda,Consumidor primario,Hormiga cortadora,Descomposición,7,42,10
9556,Boa constrictor,Consumidor primario,Mono araña,Herbivoría,1,44,6
9557,Venado,Consumidor primario,Rana venenosa,Depredación,7,11,4
9558,Hormiga cortadora,Descomponedor,Águila harpía,Herbivoría,10,15,3
9559,Hormiga cortadora,Descomponedor,Rana venenosa,Herbivoría,9,1,7
9560,Boa constrictor,Descomponedor,Jaguar,Descomposición,8,8,4
9561,Anaconda,Consumidor terciario,Jaguar,Herbivoría,4,35,9
9562,Venado,Consumidor secundario,Jaguar,Depredación,7,12,9
9563,Rana venenosa,Productor,Anaconda,Descomposición,2,39,4
9564,Venado,Consumidor primario,Jaguar,Herbivoría,5,17,9
9565,Venado,Consumidor primario,Águila harpía,Descomposición,1,46,3
9566,Tucán,Productor,Águila harpía,Competencia,10,17,8
9567,Rana venenosa,Productor,Anaconda,Herbivoría,10,36,5
9568,Jaguar,Consumidor primario,Rana venenosa,Competencia,7,41,10
9569,Rana venenosa,Descomponedor,Rana venenosa,Herbivoría,10,47,5
9570,Termitas,Consumidor terciario,Mono araña,Competencia,10,25,10
9571,Tucán,Consumidor primario,Águila harpía,Descomposición,7,12,8
9572,Águila harpía,Productor,Venado,Herbivoría,6,29,1
9573,Jaguar,Productor,Anaconda,Depredación,7,41,10
9574,Tucán,Consumidor terciario,Termitas,Descomposición,5,44,9
9575,Venado,Descomponedor,Jaguar,Mutualismo,5,46,4
9576,Boa constrictor,Consumidor secundario,Jaguar,Herbivoría,7,13,8
9577,Rana venenosa,Consumidor primario,Mono araña,Mutualismo,4,28,2
9578,Venado,Consumidor secundario,Anaconda,Descomposición,6,41,10
9579,Jaguar,Consumidor terciario,Mono araña,Herbivoría,2,14,6
9580,Anaconda,Descomponedor,Águila harpía,Mutualismo,5,8,5
9581,Hormiga cortadora,Consumidor terciario,Tucán,Herbivoría,9,27,2
9582,Jaguar,Consumidor primario,Mono araña,Competencia,1,36,4
9583,Venado,Consumidor secundario,Jaguar,Descomposición,6,19,4
9584,Hormiga cortadora,Consumidor primario,Rana venenosa,Depredación,3,45,7
9585,Jaguar,Descomponedor,Águila harpía,Competencia,8,3,10
9586,Anaconda,Consumidor primario,Venado,Descomposición,2,14,4
9587,Jaguar,Descomponedor,Tucán,Herbivoría,5,49,1
9588,Rana venenosa,Consumidor secundario,Termitas,Mutualismo,4,8,10
9589,Boa constrictor,Productor,Mono araña,Descomposición,10,42,8
9590,Tucán,Consumidor terciario,Anaconda,Herbivoría,8,38,2
9591,Tucán,Consumidor secundario,Mono araña,Competencia,8,15,5
9592,Hormiga cortadora,Consumidor primario,Tucán,Mutualismo,7,2,9
9593,Mono araña,Productor,Boa constrictor,Descomposición,4,6,6
9594,Hormiga cortadora,Consumidor secundario,Jaguar,Herbivoría,2,10,4
9595,Hormiga cortadora,Consumidor primario,Termitas,Competencia,9,30,8
9596,Jaguar,Consumidor secundario,Termitas,Herbivoría,1,27,7
9597,Anaconda,Consumidor terciario,Jaguar,Depredación,2,18,4
9598,Jaguar,Productor,Tucán,Mutualismo,8,39,4
9599,Mono araña,Descomponedor,Rana venenosa,Competencia,2,38,3
9600,Venado,Consumidor primario,Boa constrictor,Herbivoría,10,39,2
9601,Boa constrictor,Descomponedor,Águila harpía,Mutualismo,9,41,9
9602,Águila harpía,Productor,Venado,Competencia,8,19,9
9603,Jaguar,Consumidor secundario,Rana venenosa,Competencia,2,23,1
9604,Hormiga cortadora,Productor,Hormiga cortadora,Herbivoría,4,3,1
9605,Jaguar,Descomponedor,Termitas,Herbivoría,8,14,2
9606,Boa constrictor,Consumidor secundario,Anaconda,Descomposición,1,30,9
9607,Tucán,Productor,Termitas,Herbivoría,3,18,2
9608,Hormiga cortadora,Consumidor secundario,Venado,Descomposición,5,24,1
9609,Venado,Productor,Águila harpía,Competencia,7,17,6
9610,Hormiga cortadora,Consumidor terciario,Anaconda,Herbivoría,5,14,5
9611,Anaconda,Productor,Tucán,Herbivoría,5,40,3
9612,Rana venenosa,Consumidor terciario,Venado,Herbivoría,5,8,9
9613,Hormiga cortadora,Consumidor primario,Anaconda,Depredación,2,21,5
9614,Rana venenosa,Consumidor terciario,Termitas,Depredación,10,43,2
9615,Boa constrictor,Consumidor terciario,Mono araña,Descomposición,3,42,6
9616,Anaconda,Consumidor primario,Tucán,Depredación,3,38,6
9617,Hormiga cortadora,Consumidor terciario,Hormiga cortadora,Descomposición,10,5,8
9618,Rana venenosa,Descomponedor,Tucán,Mutualismo,9,4,1
9619,Hormiga cortadora,Descomponedor,Jaguar,Mutualismo,7,1,2
9620,Termitas,Consumidor terciario,Rana venenosa,Herbivoría,4,15,4
9621,Mono araña,Consumidor terciario,Águila harpía,Herbivoría,5,7,5
9622,Águila harpía,Consumidor primario,Termitas,Mutualismo,9,23,1
9623,Venado,Productor,Hormiga cortadora,Mutualismo,6,27,5
9624,Mono araña,Consumidor terciario,Mono araña,Competencia,8,30,2
9625,Hormiga cortadora,Consumidor terciario,Águila harpía,Mutualismo,1,9,2
9626,Jaguar,Consumidor primario,Jaguar,Competencia,2,12,2
9627,Venado,Productor,Mono araña,Descomposición,1,15,5
9628,Venado,Consumidor secundario,Tucán,Descomposición,7,20,6
9629,Termitas,Consumidor primario,Tucán,Mutualismo,6,33,6
9630,Jaguar,Descomponedor,Jaguar,Depredación,6,47,3
9631,Venado,Consumidor secundario,Hormiga cortadora,Descomposición,9,20,1
9632,Termitas,Descomponedor,Venado,Mutualismo,6,7,4
9633,Hormiga cortadora,Descomponedor,Hormiga cortadora,Descomposición,3,35,4
9634,Tucán,Consumidor terciario,Jaguar,Mutualismo,4,50,10
9635,Termitas,Consumidor primario,Venado,Descomposición,1,26,10
9636,Jaguar,Productor,Águila harpía,Herbivoría,4,1,4
9637,Hormiga cortadora,Consumidor terciario,Hormiga cortadora,Herbivoría,8,41,9
9638,Tucán,Productor,Jaguar,Depredación,8,46,6
9639,Jaguar,Productor,Termitas,Competencia,1,26,9
9640,Jaguar,Descomponedor,Tucán,Depredación,8,27,7
9641,Venado,Consumidor primario,Mono araña,Descomposición,2,24,4
9642,Tucán,Productor,Termitas,Mutualismo,4,20,4
9643,Termitas,Consumidor secundario,Boa constrictor,Mutualismo,9,46,10
9644,Jaguar,Consumidor primario,Anaconda,Mutualismo,3,37,3
9645,Jaguar,Consumidor terciario,Mono araña,Herbivoría,6,30,1
9646,Mono araña,Descomponedor,Anaconda,Herbivoría,2,15,4
9647,Hormiga cortadora,Consumidor secundario,Anaconda,Herbivoría,7,6,7
9648,Tucán,Productor,Anaconda,Mutualismo,7,6,9
9649,Tucán,Productor,Águila harpía,Depredación,3,2,4
9650,Jaguar,Consumidor terciario,Anaconda,Competencia,7,20,3
9651,Venado,Consumidor secundario,Águila harpía,Competencia,9,32,2
9652,Termitas,Consumidor secundario,Anaconda,Competencia,6,47,4
9653,Tucán,Descomponedor,Jaguar,Mutualismo,3,10,4
9654,Hormiga cortadora,Descomponedor,Tucán,Depredación,10,41,4
9655,Mono araña,Consumidor primario,Termitas,Herbivoría,9,38,9
9656,Termitas,Productor,Termitas,Herbivoría,2,12,1
9657,Jaguar,Descomponedor,Boa constrictor,Herbivoría,8,18,2
9658,Tucán,Descomponedor,Venado,Depredación,10,24,10
9659,Venado,Consumidor terciario,Jaguar,Herbivoría,7,39,6
9660,Águila harpía,Consumidor secundario,Hormiga cortadora,Herbivoría,1,18,7
9661,Mono araña,Productor,Mono araña,Herbivoría,9,45,2
9662,Venado,Descomponedor,Hormiga cortadora,Herbivoría,2,12,5
9663,Rana venenosa,Consumidor primario,Venado,Competencia,4,45,5
9664,Venado,Consumidor terciario,Jaguar,Mutualismo,1,42,10
9665,Hormiga cortadora,Descomponedor,Águila harpía,Mutualismo,7,11,4
9666,Águila harpía,Productor,Tucán,Competencia,9,10,3
9667,Termitas,Descomponedor,Boa constrictor,Mutualismo,5,29,7
9668,Boa constrictor,Productor,Boa constrictor,Herbivoría,3,15,10
9669,Boa constrictor,Productor,Boa constrictor,Competencia,2,23,4
9670,Mono araña,Consumidor primario,Hormiga cortadora,Descomposición,5,33,10
9671,Venado,Consumidor terciario,Boa constrictor,Herbivoría,4,46,10
9672,Venado,Consumidor terciario,Tucán,Descomposición,10,38,1
9673,Anaconda,Consumidor primario,Venado,Mutualismo,2,46,7
9674,Jaguar,Consumidor secundario,Boa constrictor,Herbivoría,8,1,8
9675,Tucán,Consumidor terciario,Termitas,Competencia,1,1,8
9676,Hormiga cortadora,Productor,Águila harpía,Mutualismo,1,35,2
9677,Jaguar,Consumidor primario,Águila harpía,Mutualismo,7,6,5
9678,Boa constrictor,Consumidor terciario,Termitas,Descomposición,4,39,1
9679,Hormiga cortadora,Consumidor terciario,Venado,Mutualismo,4,14,5
9680,Termitas,Consumidor terciario,Águila harpía,Competencia,10,7,6
9681,Termitas,Productor,Mono araña,Descomposición,10,25,2
9682,Hormiga cortadora,Productor,Jaguar,Herbivoría,4,32,9
9683,Boa constrictor,Descomponedor,Anaconda,Herbivoría,6,33,3
9684,Tucán,Consumidor primario,Boa constrictor,Depredación,5,23,7
9685,Águila harpía,Consumidor primario,Venado,Competencia,7,1,4
9686,Hormiga cortadora,Consumidor secundario,Anaconda,Descomposición,4,14,8
9687,Águila harpía,Descomponedor,Venado,Depredación,8,14,1
9688,Venado,Consumidor secundario,Hormiga cortadora,Herbivoría,2,25,3
9689,Termitas,Consumidor primario,Anaconda,Competencia,10,47,5
9690,Rana venenosa,Consumidor primario,Boa constrictor,Mutualismo,9,18,10
9691,Boa constrictor,Consumidor terciario,Anaconda,Descomposición,1,31,2
9692,Águila harpía,Productor,Boa constrictor,Depredación,10,3,10
9693,Águila harpía,Productor,Venado,Herbivoría,8,49,2
9694,Mono araña,Productor,Jaguar,Herbivoría,2,46,10
9695,Mono araña,Consumidor primario,Anaconda,Depredación,2,46,1
9696,Boa constrictor,Consumidor secundario,Termitas,Herbivoría,8,50,2
9697,Hormiga cortadora,Productor,Rana venenosa,Depredación,1,29,10
9698,Boa constrictor,Consumidor primario,Venado,Mutualismo,3,23,7
9699,Venado,Consumidor primario,Mono araña,Mutualismo,8,16,6
9700,Venado,Productor,Águila harpía,Herbivoría,4,27,3
9701,Mono araña,Consumidor primario,Termitas,Descomposición,5,19,6
9702,Termitas,Consumidor terciario,Termitas,Depredación,6,22,4
9703,Mono araña,Productor,Boa constrictor,Descomposición,5,35,6
9704,Hormiga cortadora,Descomponedor,Mono araña,Descomposición,7,6,3
9705,Hormiga cortadora,Productor,Boa constrictor,Herbivoría,1,12,7
9706,Hormiga cortadora,Descomponedor,Boa constrictor,Depredación,4,13,10
9707,Venado,Productor,Tucán,Depredación,6,5,3
9708,Anaconda,Descomponedor,Tucán,Mutualismo,3,37,1
9709,Venado,Consumidor secundario,Boa constrictor,Descomposición,5,14,1
9710,Rana venenosa,Consumidor secundario,Hormiga cortadora,Depredación,2,39,8
9711,Anaconda,Productor,Águila harpía,Depredación,1,49,3
9712,Termitas,Productor,Termitas,Mutualismo,2,44,8
9713,Termitas,Descomponedor,Rana venenosa,Descomposición,1,23,7
9714,Rana venenosa,Consumidor primario,Termitas,Mutualismo,1,21,8
9715,Rana venenosa,Consumidor secundario,Venado,Competencia,5,25,4
9716,Jaguar,Descomponedor,Rana venenosa,Depredación,3,45,4
9717,Mono araña,Productor,Águila harpía,Competencia,2,50,5
9718,Anaconda,Consumidor secundario,Hormiga cortadora,Competencia,9,20,1
9719,Hormiga cortadora,Descomponedor,Mono araña,Competencia,10,17,4
9720,Anaconda,Descomponedor,Mono araña,Depredación,5,1,6
9721,Tucán,Descomponedor,Tucán,Competencia,9,25,7
9722,Boa constrictor,Productor,Águila harpía,Descomposición,2,36,3
9723,Hormiga cortadora,Consumidor secundario,Tucán,Herbivoría,10,43,6
9724,Jaguar,Consumidor terciario,Mono araña,Depredación,9,35,3
9725,Boa constrictor,Descomponedor,Mono araña,Descomposición,2,15,8
9726,Águila harpía,Productor,Hormiga cortadora,Herbivoría,8,1,8
9727,Anaconda,Consumidor secundario,Hormiga cortadora,Depredación,8,20,9
9728,Águila harpía,Consumidor terciario,Boa constrictor,Depredación,3,14,10
9729,Jaguar,Consumidor terciario,Águila harpía,Mutualismo,5,5,1
9730,Águila harpía,Productor,Águila harpía,Mutualismo,6,6,4
9731,Termitas,Productor,Rana venenosa,Descomposición,5,11,4
9732,Águila harpía,Productor,Termitas,Herbivoría,9,37,10
9733,Anaconda,Consumidor secundario,Tucán,Herbivoría,1,37,6
9734,Mono araña,Consumidor primario,Venado,Depredación,7,17,3
9735,Boa constrictor,Consumidor terciario,Venado,Depredación,10,31,4
9736,Águila harpía,Descomponedor,Hormiga cortadora,Depredación,10,40,6
9737,Águila harpía,Consumidor primario,Tucán,Competencia,7,48,7
9738,Boa constrictor,Productor,Tucán,Depredación,5,42,6
9739,Termitas,Consumidor terciario,Tucán,Competencia,4,42,7
9740,Jaguar,Productor,Tucán,Descomposición,1,17,3
9741,Hormiga cortadora,Consumidor primario,Rana venenosa,Depredación,1,43,5
9742,Venado,Consumidor secundario,Águila harpía,Competencia,2,44,7
9743,Hormiga cortadora,Descomponedor,Mono araña,Mutualismo,10,42,10
9744,Hormiga cortadora,Consumidor secundario,Jaguar,Mutualismo,9,22,3
9745,Termitas,Consumidor primario,Mono araña,Competencia,1,23,2
9746,Venado,Consumidor terciario,Anaconda,Competencia,2,4,4
9747,Tucán,Productor,Jaguar,Mutualismo,3,45,9
9748,Tucán,Descomponedor,Boa constrictor,Depredación,9,37,9
9749,Jaguar,Productor,Boa constrictor,Competencia,7,40,4
9750,Boa constrictor,Consumidor secundario,Jaguar,Descomposición,1,23,5
9751,Águila harpía,Consumidor terciario,Hormiga cortadora,Mutualismo,1,16,10
9752,Mono araña,Consumidor terciario,Tucán,Depredación,2,24,7
9753,Jaguar,Consumidor secundario,Tucán,Herbivoría,5,36,1
9754,Águila harpía,Consumidor primario,Rana venenosa,Herbivoría,9,1,6
9755,Águila harpía,Consumidor secundario,Tucán,Depredación,3,6,10
9756,Rana venenosa,Descomponedor,Termitas,Competencia,6,36,1
9757,Boa constrictor,Productor,Rana venenosa,Depredación,10,19,9
9758,Jaguar,Productor,Venado,Descomposición,3,47,7
9759,Boa constrictor,Consumidor primario,Termitas,Competencia,6,30,8
9760,Tucán,Descomponedor,Termitas,Depredación,8,11,3
9761,Tucán,Productor,Venado,Descomposición,7,3,6
9762,Águila harpía,Descomponedor,Mono araña,Mutualismo,10,42,3
9763,Tucán,Consumidor secundario,Mono araña,Herbivoría,5,24,7
9764,Anaconda,Descomponedor,Tucán,Herbivoría,1,11,7
9765,Anaconda,Productor,Rana venenosa,Competencia,4,5,9
9766,Jaguar,Consumidor primario,Hormiga cortadora,Descomposición,4,11,10
9767,Rana venenosa,Consumidor secundario,Jaguar,Descomposición,4,35,4
9768,Mono araña,Productor,Jaguar,Mutualismo,3,12,7
9769,Venado,Consumidor primario,Termitas,Descomposición,5,47,10
9770,Hormiga cortadora,Consumidor secundario,Jaguar,Descomposición,3,42,6
9771,Hormiga cortadora,Consumidor terciario,Rana venenosa,Competencia,6,11,6
9772,Hormiga cortadora,Productor,Jaguar,Depredación,3,50,8
9773,Hormiga cortadora,Consumidor terciario,Anaconda,Descomposición,10,14,2
9774,Mono araña,Consumidor secundario,Jaguar,Mutualismo,6,17,2
9775,Hormiga cortadora,Consumidor secundario,Águila harpía,Depredación,5,4,4
9776,Rana venenosa,Consumidor primario,Tucán,Mutualismo,9,45,8
9777,Jaguar,Consumidor secundario,Tucán,Descomposición,4,42,5
9778,Venado,Consumidor primario,Anaconda,Descomposición,2,49,10
9779,Anaconda,Descomponedor,Hormiga cortadora,Competencia,6,42,9
9780,Jaguar,Consumidor secundario,Anaconda,Depredación,2,49,4
9781,Boa constrictor,Consumidor primario,Mono araña,Descomposición,2,21,6
9782,Anaconda,Consumidor terciario,Tucán,Herbivoría,3,41,7
9783,Venado,Productor,Boa constrictor,Mutualismo,1,35,1
9784,Rana venenosa,Consumidor secundario,Hormiga cortadora,Competencia,4,30,1
9785,Hormiga cortadora,Descomponedor,Tucán,Depredación,1,40,7
9786,Jaguar,Descomponedor,Termitas,Depredación,4,6,10
9787,Hormiga cortadora,Consumidor terciario,Venado,Herbivoría,6,18,4
9788,Boa constrictor,Consumidor primario,Termitas,Descomposición,2,32,8
9789,Rana venenosa,Consumidor terciario,Anaconda,Mutualismo,10,19,1
9790,Mono araña,Consumidor primario,Venado,Descomposición,2,42,1
9791,Águila harpía,Consumidor primario,Venado,Herbivoría,5,18,7
9792,Venado,Productor,Mono araña,Herbivoría,4,25,10
9793,Termitas,Productor,Tucán,Herbivoría,9,48,5
9794,Boa constrictor,Consumidor primario,Mono araña,Mutualismo,4,15,2
9795,Hormiga cortadora,Consumidor primario,Venado,Depredación,2,38,1
9796,Venado,Productor,Anaconda,Herbivoría,4,6,9
9797,Termitas,Productor,Jaguar,Mutualismo,2,43,1
9798,Venado,Consumidor terciario,Venado,Depredación,8,41,10
9799,Águila harpía,Consumidor terciario,Tucán,Descomposición,6,29,4
9800,Termitas,Productor,Águila harpía,Descomposición,6,10,4
9801,Anaconda,Productor,Tucán,Competencia,7,9,7
9802,Jaguar,Productor,Hormiga cortadora,Descomposición,4,36,2
9803,Venado,Consumidor primario,Rana venenosa,Competencia,10,33,9
9804,Boa constrictor,Productor,Tucán,Mutualismo,2,2,9
9805,Venado,Consumidor secundario,Rana venenosa,Herbivoría,1,43,8
9806,Venado,Descomponedor,Venado,Descomposición,6,19,2
9807,Jaguar,Consumidor terciario,Rana venenosa,Descomposición,9,37,9
9808,Tucán,Consumidor secundario,Jaguar,Competencia,5,14,10
9809,Rana venenosa,Consumidor terciario,Rana venenosa,Mutualismo,7,6,8
9810,Hormiga cortadora,Consumidor terciario,Jaguar,Herbivoría,9,19,10
9811,Hormiga cortadora,Consumidor secundario,Mono araña,Depredación,7,24,7
9812,Águila harpía,Productor,Venado,Descomposición,6,40,4
9813,Mono araña,Descomponedor,Boa constrictor,Herbivoría,4,27,6
9814,Venado,Consumidor terciario,Termitas,Herbivoría,9,22,3
9815,Termitas,Consumidor secundario,Rana venenosa,Herbivoría,6,17,9
9816,Jaguar,Consumidor secundario,Anaconda,Mutualismo,6,27,7
9817,Boa constrictor,Descomponedor,Hormiga cortadora,Herbivoría,2,30,8
9818,Termitas,Consumidor terciario,Tucán,Herbivoría,7,27,9
9819,Boa constrictor,Productor,Rana venenosa,Herbivoría,3,18,7
9820,Hormiga cortadora,Consumidor secundario,Venado,Herbivoría,9,31,3
9821,Rana venenosa,Productor,Tucán,Competencia,4,20,3
9822,Hormiga cortadora,Consumidor secundario,Águila harpía,Mutualismo,6,7,9
9823,Venado,Consumidor secundario,Tucán,Mutualismo,3,26,10
9824,Venado,Descomponedor,Jaguar,Depredación,4,17,10
9825,Mono araña,Consumidor primario,Mono araña,Herbivoría,9,7,5
9826,Tucán,Productor,Águila harpía,Depredación,2,13,8
9827,Anaconda,Consumidor secundario,Boa constrictor,Mutualismo,6,1,9
9828,Águila harpía,Descomponedor,Mono araña,Competencia,5,1,3
9829,Boa constrictor,Consumidor primario,Rana venenosa,Mutualismo,8,39,3
9830,Mono araña,Productor,Anaconda,Competencia,7,47,4
9831,Termitas,Descomponedor,Boa constrictor,Herbivoría,5,36,3
9832,Hormiga cortadora,Consumidor primario,Tucán,Competencia,1,13,5
9833,Boa constrictor,Consumidor terciario,Boa constrictor,Mutualismo,7,50,4
9834,Hormiga cortadora,Consumidor terciario,Mono araña,Herbivoría,9,27,10
9835,Rana venenosa,Descomponedor,Venado,Herbivoría,9,29,3
9836,Jaguar,Productor,Tucán,Competencia,1,47,5
9837,Termitas,Descomponedor,Jaguar,Depredación,9,15,1
9838,Rana venenosa,Descomponedor,Termitas,Descomposición,1,33,6
9839,Águila harpía,Consumidor primario,Venado,Competencia,8,43,6
9840,Termitas,Productor,Rana venenosa,Depredación,6,39,3
9841,Termitas,Consumidor primario,Tucán,Competencia,8,9,2
9842,Anaconda,Consumidor primario,Mono araña,Descomposición,1,12,1
9843,Jaguar,Consumidor terciario,Termitas,Mutualismo,1,4,9
9844,Hormiga cortadora,Consumidor terciario,Rana venenosa,Depredación,3,14,1
9845,Mono araña,Consumidor primario,Jaguar,Herbivoría,5,17,8
9846,Venado,Consumidor secundario,Venado,Herbivoría,5,5,1
9847,Boa constrictor,Consumidor primario,Hormiga cortadora,Herbivoría,1,43,2
9848,Tucán,Consumidor primario,Termitas,Mutualismo,1,8,2
9849,Anaconda,Descomponedor,Rana venenosa,Herbivoría,4,50,7
9850,Hormiga cortadora,Descomponedor,Rana venenosa,Herbivoría,4,5,10
9851,Termitas,Descomponedor,Boa constrictor,Competencia,5,35,8
9852,Águila harpía,Consumidor secundario,Mono araña,Depredación,9,29,1
9853,Jaguar,Productor,Venado,Competencia,9,24,5
9854,Tucán,Descomponedor,Hormiga cortadora,Mutualismo,6,32,8
9855,Tucán,Productor,Mono araña,Herbivoría,2,9,8
9856,Hormiga cortadora,Consumidor primario,Venado,Herbivoría,1,10,2
9857,Águila harpía,Descomponedor,Anaconda,Herbivoría,7,16,2
9858,Tucán,Descomponedor,Águila harpía,Herbivoría,6,34,10
9859,Venado,Consumidor terciario,Mono araña,Depredación,5,22,9
9860,Termitas,Consumidor secundario,Tucán,Descomposición,8,10,6
9861,Rana venenosa,Descomponedor,Boa constrictor,Mutualismo,8,6,7
9862,Boa constrictor,Productor,Anaconda,Descomposición,5,34,1
9863,Mono araña,Consumidor terciario,Termitas,Mutualismo,2,1,10
9864,Águila harpía,Consumidor primario,Termitas,Depredación,7,46,6
9865,Mono araña,Descomponedor,Venado,Descomposición,6,41,4
9866,Rana venenosa,Descomponedor,Águila harpía,Depredación,8,27,6
9867,Termitas,Consumidor terciario,Rana venenosa,Herbivoría,10,35,6
9868,Jaguar,Consumidor primario,Boa constrictor,Depredación,1,23,2
9869,Termitas,Consumidor terciario,Águila harpía,Herbivoría,8,22,5
9870,Anaconda,Descomponedor,Jaguar,Mutualismo,7,6,5
9871,Hormiga cortadora,Consumidor terciario,Jaguar,Depredación,2,13,7
9872,Anaconda,Descomponedor,Jaguar,Herbivoría,10,49,6
9873,Rana venenosa,Consumidor secundario,Termitas,Mutualismo,6,49,1
9874,Tucán,Consumidor terciario,Tucán,Mutualismo,8,25,2
9875,Mono araña,Consumidor secundario,Mono araña,Depredación,10,41,3
9876,Jaguar,Consumidor primario,Tucán,Competencia,1,24,5
9877,Boa constrictor,Consumidor secundario,Águila harpía,Mutualismo,9,23,9
9878,Hormiga cortadora,Productor,Anaconda,Descomposición,6,32,1
9879,Tucán,Productor,Hormiga cortadora,Herbivoría,8,15,7
9880,Águila harpía,Consumidor terciario,Venado,Depredación,7,7,10
9881,Mono araña,Consumidor terciario,Venado,Descomposición,7,37,7
9882,Tucán,Productor,Termitas,Competencia,6,38,6
9883,Tucán,Consumidor secundario,Jaguar,Herbivoría,8,46,8
9884,Hormiga cortadora,Productor,Anaconda,Descomposición,8,31,9
9885,Venado,Descomponedor,Boa constrictor,Mutualismo,7,2,10
9886,Boa constrictor,Consumidor primario,Termitas,Competencia,4,29,7
9887,Termitas,Consumidor secundario,Mono araña,Depredación,9,30,1
9888,Rana venenosa,Consumidor primario,Tucán,Mutualismo,6,39,9
9889,Anaconda,Descomponedor,Hormiga cortadora,Herbivoría,2,39,8
9890,Termitas,Productor,Termitas,Herbivoría,1,30,3
9891,Mono araña,Consumidor terciario,Rana venenosa,Competencia,8,21,10
9892,Rana venenosa,Descomponedor,Águila harpía,Descomposición,6,42,3
9893,Tucán,Consumidor secundario,Mono araña,Herbivoría,10,9,6
9894,Mono araña,Consumidor terciario,Mono araña,Competencia,3,41,3
9895,Mono araña,Consumidor secundario,Águila harpía,Mutualismo,2,42,7
9896,Venado,Consumidor terciario,Jaguar,Depredación,8,23,5
9897,Tucán,Descomponedor,Tucán,Mutualismo,10,28,8
9898,Anaconda,Descomponedor,Águila harpía,Mutualismo,8,46,4
9899,Tucán,Productor,Mono araña,Descomposición,2,48,5
9900,Tucán,Consumidor primario,Águila harpía,Depredación,5,28,10
9901,Termitas,Consumidor secundario,Termitas,Herbivoría,9,45,2
9902,Mono araña,Consumidor terciario,Mono araña,Mutualismo,8,30,2
9903,Termitas,Descomponedor,Venado,Descomposición,1,26,9
9904,Rana venenosa,Descomponedor,Jaguar,Descomposición,7,9,5
9905,Mono araña,Consumidor primario,Mono araña,Descomposición,5,35,10
9906,Rana venenosa,Consumidor primario,Hormiga cortadora,Descomposición,6,16,8
9907,Rana venenosa,Consumidor secundario,Mono araña,Herbivoría,2,46,3
9908,Anaconda,Consumidor secundario,Boa constrictor,Competencia,2,24,10
9909,Tucán,Consumidor terciario,Venado,Descomposición,5,46,2
9910,Mono araña,Consumidor primario,Anaconda,Depredación,10,44,5
9911,Termitas,Consumidor secundario,Águila harpía,Mutualismo,6,22,10
9912,Jaguar,Productor,Venado,Mutualismo,1,43,7
9913,Jaguar,Descomponedor,Boa constrictor,Competencia,10,17,8
9914,Venado,Consumidor primario,Rana venenosa,Competencia,4,34,8
9915,Termitas,Productor,Venado,Descomposición,2,34,3
9916,Jaguar,Consumidor secundario,Boa constrictor,Mutualismo,6,26,5
9917,Mono araña,Descomponedor,Venado,Herbivoría,10,44,10
9918,Termitas,Consumidor primario,Jaguar,Descomposición,7,18,2
9919,Águila harpía,Consumidor secundario,Rana venenosa,Mutualismo,9,31,7
9920,Águila harpía,Consumidor primario,Tucán,Depredación,4,48,1
9921,Termitas,Descomponedor,Anaconda,Descomposición,8,29,9
9922,Termitas,Consumidor terciario,Anaconda,Descomposición,1,14,1
9923,Tucán,Consumidor terciario,Rana venenosa,Descomposición,4,42,8
9924,Rana venenosa,Consumidor terciario,Boa constrictor,Depredación,10,30,3
9925,Jaguar,Consumidor primario,Boa constrictor,Competencia,7,10,10
9926,Mono araña,Descomponedor,Tucán,Descomposición,2,39,7
9927,Termitas,Consumidor terciario,Jaguar,Descomposición,7,6,10
9928,Boa constrictor,Descomponedor,Venado,Competencia,7,36,3
9929,Boa constrictor,Consumidor secundario,Venado,Mutualismo,9,46,5
9930,Anaconda,Descomponedor,Boa constrictor,Competencia,10,4,3
9931,Termitas,Consumidor terciario,Venado,Competencia,1,3,6
9932,Boa constrictor,Consumidor terciario,Mono araña,Mutualismo,8,23,2
9933,Termitas,Descomponedor,Anaconda,Depredación,9,12,3
9934,Rana venenosa,Consumidor terciario,Venado,Herbivoría,2,35,9
9935,Rana venenosa,Consumidor primario,Boa constrictor,Depredación,3,42,5
9936,Anaconda,Descomponedor,Águila harpía,Descomposición,6,39,4
9937,Mono araña,Productor,Tucán,Herbivoría,7,44,4
9938,Mono araña,Productor,Águila harpía,Competencia,5,48,1
9939,Venado,Consumidor terciario,Venado,Depredación,7,17,5
9940,Tucán,Descomponedor,Águila harpía,Depredación,1,41,5
9941,Hormiga cortadora,Consumidor terciario,Jaguar,Depredación,10,32,6
9942,Hormiga cortadora,Consumidor secundario,Águila harpía,Depredación,1,1,1
9943,Jaguar,Consumidor primario,Anaconda,Competencia,3,31,3
9944,Águila harpía,Consumidor secundario,Venado,Descomposición,3,49,1
9945,Tucán,Consumidor primario,Tucán,Competencia,8,33,3
9946,Rana venenosa,Descomponedor,Águila harpía,Competencia,5,8,5
9947,Águila harpía,Productor,Venado,Mutualismo,1,40,10
9948,Termitas,Consumidor secundario,Venado,Depredación,4,5,9
9949,Boa constrictor,Productor,Rana venenosa,Competencia,6,11,4
9950,Tucán,Descomponedor,Hormiga cortadora,Mutualismo,9,24,2
9951,Boa constrictor,Descomponedor,Águila harpía,Descomposición,5,4,3
9952,Tucán,Consumidor terciario,Anaconda,Depredación,7,36,1
9953,Boa constrictor,Descomponedor,Boa constrictor,Mutualismo,3,5,1
9954,Tucán,Consumidor secundario,Termitas,Mutualismo,1,26,10
9955,Hormiga cortadora,Consumidor terciario,Hormiga cortadora,Mutualismo,1,44,5
9956,Rana venenosa,Productor,Mono araña,Descomposición,5,2,10
9957,Boa constrictor,Consumidor terciario,Boa constrictor,Descomposición,1,17,4
9958,Venado,Consumidor terciario,Termitas,Mutualismo,5,22,9
9959,Mono araña,Consumidor primario,Termitas,Competencia,1,41,6
9960,Boa constrictor,Productor,Mono araña,Herbivoría,3,17,3
9961,Águila harpía,Descomponedor,Boa constrictor,Descomposición,7,17,2
9962,Mono araña,Descomponedor,Hormiga cortadora,Descomposición,1,10,3
9963,Anaconda,Descomponedor,Hormiga cortadora,Competencia,9,25,6
9964,Venado,Productor,Termitas,Mutualismo,3,35,2
9965,Mono araña,Consumidor primario,Mono araña,Competencia,1,19,6
9966,Águila harpía,Consumidor terciario,Hormiga cortadora,Mutualismo,7,30,2
9967,Boa constrictor,Descomponedor,Mono araña,Mutualismo,6,27,1
9968,Tucán,Descomponedor,Tucán,Descomposición,8,16,4
9969,Boa constrictor,Consumidor terciario,Termitas,Competencia,4,6,7
9970,Hormiga cortadora,Productor,Rana venenosa,Mutualismo,4,4,9
9971,Mono araña,Productor,Águila harpía,Mutualismo,4,6,9
9972,Águila harpía,Descomponedor,Termitas,Competencia,3,41,1
9973,Rana venenosa,Consumidor primario,Mono araña,Herbivoría,1,31,10
9974,Tucán,Productor,Rana venenosa,Herbivoría,7,28,1
9975,Águila harpía,Descomponedor,Rana venenosa,Mutualismo,9,20,2
9976,Águila harpía,Consumidor secundario,Rana venenosa,Competencia,3,22,6
9977,Águila harpía,Consumidor secundario,Águila harpía,Herbivoría,7,14,5
9978,Termitas,Descomponedor,Rana venenosa,Competencia,8,31,8
9979,Jaguar,Productor,Águila harpía,Herbivoría,3,44,6
9980,Águila harpía,Consumidor primario,Mono araña,Depredación,4,7,9
9981,Anaconda,Consumidor primario,Águila harpía,Mutualismo,3,26,3
9982,Boa constrictor,Consumidor terciario,Mono araña,Mutualismo,9,32,7
9983,Venado,Consumidor terciario,Águila harpía,Descomposición,9,6,4
9984,Rana venenosa,Descomponedor,Mono araña,Depredación,4,12,2
9985,Anaconda,Consumidor terciario,Hormiga cortadora,Descomposición,6,34,5
9986,Mono araña,Descomponedor,Termitas,Competencia,1,35,6
9987,Tucán,Productor,Mono araña,Mutualismo,6,3,6
9988,Venado,Consumidor secundario,Termitas,Depredación,3,45,5
9989,Jaguar,Productor,Tucán,Mutualismo,2,13,10
9990,Hormiga cortadora,Consumidor terciario,Rana venenosa,Depredación,10,30,10
9991,Hormiga cortadora,Consumidor secundario,Venado,Competencia,10,9,2
9992,Venado,Productor,Tucán,Depredación,2,26,4
9993,Águila harpía,Productor,Águila harpía,Competencia,9,30,9
9994,Hormiga cortadora,Consumidor primario,Tucán,Herbivoría,9,21,6
9995,Águila harpía,Descomponedor,Anaconda,Depredación,4,12,3
9996,Anaconda,Consumidor terciario,Tucán,Herbivoría,7,17,10
9997,Hormiga cortadora,Consumidor secundario,Mono araña,Herbivoría,3,42,4
9998,Mono araña,Descomponedor,Jaguar,Competencia,10,10,3
9999,Tucán,Productor,Jaguar,Competencia,9,44,3
10000,Mono araña,Descomponedor,Hormiga cortadora,Competencia,7,28,5
